  250.0 -250.0 0.18600 250.0 -200.0 20.94787 200.0 -200.0 41.16928 144.0 0.0 144.0 48.0 96.0 48.0 2
  200.0 -200.0 41.16928 200.0 -250.0 10.37419 250.0 -250.0 0.18600 96.0 48.0 96.0 0.0 144.0 0.0 2
  250.0 -200.0 20.94787 250.0 -150.0 22.15667 200.0 -150.0 67.19992 144.0 0.0 144.0 48.0 96.0 48.0 2
  200.0 -150.0 67.19992 200.0 -200.0 41.16928 250.0 -200.0 20.94787 96.0 48.0 96.0 0.0 144.0 0.0 2
  200.0 -250.0 10.37419 200.0 -200.0 41.16928 150.0 -200.0 63.37379 144.0 0.0 144.0 48.0 96.0 48.0 2
  250.0 -150.0 22.15667 250.0 -100.0 50.52098 200.0 -100.0 70.52925 144.0 0.0 144.0 48.0 96.0 48.0 2
  150.0 -200.0 63.37379 150.0 -250.0 20.26913 200.0 -250.0 10.37419 96.0 48.0 96.0 0.0 144.0 0.0 2
  200.0 -100.0 70.52925 200.0 -150.0 67.19992 250.0 -150.0 22.15667 96.0 48.0 96.0 0.0 144.0 0.0 2
  250.0 -100.0 50.52098 250.0 -50.0 60.26298 200.0 -50.0 72.97608 144.0 0.0 144.0 48.0 96.0 48.0 2
  200.0 -200.0 41.16928 200.0 -150.0 67.19992 150.0 -150.0 74.84410 144.0 0.0 144.0 48.0 96.0 48.0 2
  200.0 -50.0 72.97608 200.0 -100.0 70.52925 250.0 -100.0 50.52098 96.0 48.0 96.0 0.0 144.0 0.0 2
  250.0 -50.0 60.26298 250.0 0.0 70.31970 200.0 0.0 73.96498 144.0 0.0 144.0 48.0 96.0 48.0 2
  150.0 -150.0 74.84410 150.0 -200.0 63.37379 200.0 -200.0 41.16928 96.0 48.0 96.0 0.0 144.0 0.0 2
  100.0 -200.0 68.85870 100.0 -250.0 22.72800 150.0 -250.0 20.26913 96.0 48.0 96.0 0.0 144.0 0.0 2
  150.0 -250.0 20.26913 150.0 -200.0 63.37379 100.0 -200.0 68.85870 144.0 0.0 144.0 48.0 96.0 48.0 2
  200.0 -150.0 67.19992 200.0 -100.0 70.52925 150.0 -100.0 78.22299 144.0 0.0 144.0 48.0 96.0 48.0 2
  200.0 0.0 73.96498 200.0 -50.0 72.97608 250.0 -50.0 60.26298 96.0 48.0 96.0 0.0 144.0 0.0 2
  250.0 0.0 70.31970 250.0 50.0 90.21219 200.0 50.0 86.82952 144.0 0.0 144.0 48.0 96.0 48.0 2
  250.0 200.0 60.29650 250.0 250.0 60.0 200.0 250.0 50.15998 144.0 0.0 144.0 48.0 96.0 48.0 2
  150.0 -100.0 78.22299 150.0 -150.0 74.84410 200.0 -150.0 67.19992 96.0 48.0 96.0 0.0 144.0 0.0 2
  250.0 150.0 92.71237 250.0 200.0 60.29650 200.0 200.0 70.60543 336.0 0.0 336.0 48.0 288.0 48.0 6
  250.0 50.0 90.21219 250.0 100.0 92.23992 200.0 100.0 79.83113 336.0 0.0 336.0 48.0 288.0 48.0 6
  200.0 -100.0 70.52925 200.0 -50.0 72.97608 150.0 -50.0 71.97283 144.0 0.0 144.0 48.0 96.0 48.0 2
  200.0 50.0 86.82952 200.0 0.0 73.96498 250.0 0.0 70.31970 96.0 48.0 96.0 0.0 144.0 0.0 2
  250.0 100.0 92.23992 250.0 150.0 92.71237 200.0 150.0 82.93399 1248.0 0.0 1248.0 48.0 1200.0 48.0 25
  150.0 -200.0 63.37379 150.0 -150.0 74.84410 100.0 -150.0 90.87429 144.0 0.0 144.0 48.0 96.0 48.0 2
  50.0 -200.0 77.88529 50.0 -250.0 35.38277 100.0 -250.0 22.72800 96.0 48.0 96.0 0.0 144.0 0.0 2
  150.0 -50.0 71.97283 150.0 -100.0 78.22299 200.0 -100.0 70.52925 96.0 48.0 96.0 0.0 144.0 0.0 2
  200.0 -50.0 72.97608 200.0 0.0 73.96498 150.0 0.0 76.36016 144.0 0.0 144.0 48.0 96.0 48.0 2
  200.0 100.0 79.83113 200.0 50.0 86.82952 250.0 50.0 90.21219 288.0 48.0 288.0 0.0 336.0 0.0 6
  100.0 -250.0 22.72800 100.0 -200.0 68.85870 50.0 -200.0 77.88529 144.0 0.0 144.0 48.0 96.0 48.0 2
  100.0 -150.0 90.87429 100.0 -200.0 68.85870 150.0 -200.0 63.37379 96.0 48.0 96.0 0.0 144.0 0.0 2
  200.0 250.0 50.15998 200.0 200.0 70.60543 250.0 200.0 60.29650 96.0 48.0 96.0 0.0 144.0 0.0 2
  200.0 150.0 82.93399 200.0 100.0 79.83113 250.0 100.0 92.23992 1200.0 48.0 1200.0 0.0 1248.0 0.0 25
  200.0 200.0 70.60543 200.0 150.0 82.93399 250.0 150.0 92.71237 288.0 48.0 288.0 0.0 336.0 0.0 6
  200.0 0.0 73.96498 200.0 50.0 86.82952 150.0 50.0 66.49008 144.0 0.0 144.0 48.0 96.0 48.0 2
  150.0 0.0 76.36016 150.0 -50.0 71.97283 200.0 -50.0 72.97608 96.0 48.0 96.0 0.0 144.0 0.0 2
  150.0 -150.0 74.84410 150.0 -100.0 78.22299 100.0 -100.0 84.75354 336.0 0.0 336.0 48.0 288.0 48.0 6
  200.0 200.0 70.60543 200.0 250.0 50.15998 150.0 250.0 60.24499 144.0 0.0 144.0 48.0 96.0 48.0 2
  200.0 50.0 86.82952 200.0 100.0 79.83113 150.0 100.0 72.18975 336.0 0.0 336.0 48.0 288.0 48.0 6
  150.0 -100.0 78.22299 150.0 -50.0 71.97283 100.0 -50.0 61.44969 336.0 0.0 336.0 48.0 288.0 48.0 6
  150.0 50.0 66.49008 150.0 0.0 76.36016 200.0 0.0 73.96498 96.0 48.0 96.0 0.0 144.0 0.0 2
  200.0 100.0 79.83113 200.0 150.0 82.93399 150.0 150.0 65.63214 1248.0 0.0 1248.0 48.0 1200.0 48.0 25
  100.0 -100.0 84.75354 100.0 -150.0 90.87429 150.0 -150.0 74.84410 288.0 48.0 288.0 0.0 336.0 0.0 6
  200.0 150.0 82.93399 200.0 200.0 70.60543 150.0 200.0 84.51467 336.0 0.0 336.0 48.0 288.0 48.0 6
  0.0 -200.0 70.38153 0.0 -250.0 36.97663 50.0 -250.0 35.38277 96.0 48.0 96.0 0.0 144.0 0.0 2
  150.0 100.0 72.18975 150.0 50.0 66.49008 200.0 50.0 86.82952 288.0 48.0 288.0 0.0 336.0 0.0 6
  150.0 -50.0 71.97283 150.0 0.0 76.36016 100.0 0.0 45.71960 336.0 0.0 336.0 48.0 288.0 48.0 6
  100.0 -200.0 68.85870 100.0 -150.0 90.87429 50.0 -150.0 90.69360 144.0 0.0 144.0 48.0 96.0 48.0 2
  100.0 -50.0 61.44969 100.0 -100.0 84.75354 150.0 -100.0 78.22299 288.0 48.0 288.0 0.0 336.0 0.0 6
  50.0 -250.0 35.38277 50.0 -200.0 77.88529 0.0 -200.0 70.38153 144.0 0.0 144.0 48.0 96.0 48.0 2
  50.0 -150.0 90.69360 50.0 -200.0 77.88529 100.0 -200.0 68.85870 96.0 48.0 96.0 0.0 144.0 0.0 2
  150.0 150.0 65.63214 150.0 100.0 72.18975 200.0 100.0 79.83113 1200.0 48.0 1200.0 0.0 1248.0 0.0 25
  150.0 0.0 76.36016 150.0 50.0 66.49008 100.0 50.0 44.29122 336.0 0.0 336.0 48.0 288.0 48.0 6
  100.0 0.0 45.71960 100.0 -50.0 61.44969 150.0 -50.0 71.97283 288.0 48.0 288.0 0.0 336.0 0.0 6
  150.0 200.0 84.51467 150.0 150.0 65.63214 200.0 150.0 82.93399 1200.0 48.0 1200.0 0.0 1248.0 0.0 25
  150.0 250.0 60.24499 150.0 200.0 84.51467 200.0 200.0 70.60543 288.0 48.0 288.0 0.0 336.0 0.0 6
  100.0 -150.0 90.87429 100.0 -100.0 84.75354 50.0 -100.0 52.72042 336.0 0.0 336.0 48.0 288.0 48.0 6
  100.0 50.0 44.29122 100.0 0.0 45.71960 150.0 0.0 76.36016 288.0 48.0 288.0 0.0 336.0 0.0 6
  150.0 50.0 66.49008 150.0 100.0 72.18975 100.0 100.0 70.38986 336.0 0.0 336.0 48.0 288.0 48.0 6
  100.0 -50.0 61.44969 100.0 0.0 45.71960 50.0 0.0 11.76142 432.0 0.0 432.0 48.0 384.0 48.0 8
  -50.0 -200.0 67.76161 -50.0 -250.0 18.27503 0.0 -250.0 36.97663 288.0 48.0 288.0 0.0 336.0 0.0 6
  100.0 -100.0 84.75354 100.0 -50.0 61.44969 50.0 -50.0 55.19789 336.0 0.0 336.0 48.0 288.0 48.0 6
  150.0 100.0 72.18975 150.0 150.0 65.63214 100.0 150.0 52.39450 1248.0 0.0 1248.0 48.0 1200.0 48.0 25
  50.0 -100.0 52.72042 50.0 -150.0 90.69360 100.0 -150.0 90.87429 288.0 48.0 288.0 0.0 336.0 0.0 6
  100.0 100.0 70.38986 100.0 50.0 44.29122 150.0 50.0 66.49008 288.0 48.0 288.0 0.0 336.0 0.0 6
  50.0 -50.0 55.19789 50.0 -100.0 52.72042 100.0 -100.0 84.75354 288.0 48.0 288.0 0.0 336.0 0.0 6
  150.0 200.0 84.51467 150.0 250.0 60.24499 100.0 250.0 70.26180 336.0 0.0 336.0 48.0 288.0 48.0 6
  150.0 150.0 65.63214 150.0 200.0 84.51467 100.0 200.0 54.82712 1248.0 0.0 1248.0 48.0 1200.0 48.0 25
  100.0 0.0 45.71960 100.0 50.0 44.29122 50.0 50.0 30.51370 432.0 0.0 432.0 48.0 384.0 48.0 8
  0.0 -250.0 36.97663 0.0 -200.0 70.38153 -50.0 -200.0 67.76161 336.0 0.0 336.0 48.0 288.0 48.0 6
  50.0 50.0 30.51370 50.0 0.0 11.76142 100.0 0.0 45.71960 384.0 48.0 384.0 0.0 432.0 0.0 8
  50.0 -200.0 77.88529 50.0 -150.0 90.69360 0.0 -150.0 72.20004 336.0 0.0 336.0 48.0 288.0 48.0 6
  0.0 -150.0 72.20004 0.0 -200.0 70.38153 50.0 -200.0 77.88529 288.0 48.0 288.0 0.0 336.0 0.0 6
  50.0 0.0 11.76142 50.0 -50.0 55.19789 100.0 -50.0 61.44969 384.0 48.0 384.0 0.0 432.0 0.0 8
  50.0 -150.0 90.69360 50.0 -100.0 52.72042 0.0 -100.0 41.95872 336.0 0.0 336.0 48.0 288.0 48.0 6
  100.0 200.0 54.82712 100.0 150.0 52.39450 150.0 150.0 65.63214 1200.0 48.0 1200.0 0.0 1248.0 0.0 25
  100.0 150.0 52.39450 100.0 100.0 70.38986 150.0 100.0 72.18975 288.0 48.0 288.0 0.0 336.0 0.0 6
  50.0 -100.0 52.72042 50.0 -50.0 55.19789 0.0 -50.0 -4.41012 432.0 0.0 432.0 48.0 384.0 48.0 8
  50.0 -50.0 55.19789 50.0 0.0 11.76142 0.0 0.0 0.23059 432.0 0.0 432.0 48.0 384.0 48.0 8
  -100.0 -200.0 63.18045 -100.0 -250.0 9.65291 -50.0 -250.0 18.27503 288.0 48.0 288.0 0.0 336.0 0.0 6
  0.0 -50.0 -4.41012 0.0 -100.0 41.95872 50.0 -100.0 52.72042 384.0 48.0 384.0 0.0 432.0 0.0 8
  100.0 250.0 70.26180 100.0 200.0 54.82712 150.0 200.0 84.51467 288.0 48.0 288.0 0.0 336.0 0.0 6
  0.0 0.0 0.23059 0.0 -50.0 -4.41012 50.0 -50.0 55.19789 384.0 48.0 384.0 0.0 432.0 0.0 8
  100.0 50.0 44.29122 100.0 100.0 70.38986 50.0 100.0 40.70288 336.0 0.0 336.0 48.0 288.0 48.0 6
  50.0 100.0 40.70288 50.0 50.0 30.51370 100.0 50.0 44.29122 384.0 48.0 384.0 0.0 432.0 0.0 8
  0.0 -100.0 41.95872 0.0 -150.0 72.20004 50.0 -150.0 90.69360 288.0 48.0 288.0 0.0 336.0 0.0 6
  100.0 100.0 70.38986 100.0 150.0 52.39450 50.0 150.0 31.20948 336.0 0.0 336.0 48.0 288.0 48.0 6
  50.0 0.0 11.76142 50.0 50.0 30.51370 0.0 50.0 0.43299 432.0 0.0 432.0 48.0 384.0 48.0 8
  100.0 150.0 52.39450 100.0 200.0 54.82712 50.0 200.0 26.26214 1248.0 0.0 1248.0 48.0 1200.0 48.0 25
  0.0 50.0 0.43299 0.0 0.0 0.23059 50.0 0.0 11.76142 384.0 48.0 384.0 0.0 432.0 0.0 8
  0.0 -100.0 41.95872 0.0 -50.0 -4.41012 -50.0 -50.0 0.92219 432.0 0.0 432.0 48.0 384.0 48.0 8
  -50.0 -250.0 18.27503 -50.0 -200.0 67.76161 -100.0 -200.0 63.18045 336.0 0.0 336.0 48.0 288.0 48.0 6
  0.0 -50.0 -4.41012 0.0 0.0 0.23059 -50.0 0.0 0.30199 1200.0 0.0 1200.0 48.0 1152.0 48.0 24
  0.0 -200.0 70.38153 0.0 -150.0 72.20004 -50.0 -150.0 77.47882 336.0 0.0 336.0 48.0 288.0 48.0 6
  50.0 200.0 26.26214 50.0 150.0 31.20948 100.0 150.0 52.39450 1200.0 48.0 1200.0 0.0 1248.0 0.0 25
  50.0 150.0 31.20948 50.0 100.0 40.70288 100.0 100.0 70.38986 288.0 48.0 288.0 0.0 336.0 0.0 6
  -150.0 -200.0 41.72539 -150.0 -250.0 2.20795 -100.0 -250.0 9.65291 384.0 48.0 384.0 0.0 432.0 0.0 8
  0.0 -150.0 72.20004 0.0 -100.0 41.95872 -50.0 -100.0 40.23352 432.0 0.0 432.0 48.0 384.0 48.0 8
  100.0 200.0 54.82712 100.0 250.0 70.26180 50.0 250.0 60.11452 336.0 0.0 336.0 48.0 288.0 48.0 6
  -50.0 -150.0 77.47882 -50.0 -200.0 67.76161 0.0 -200.0 70.38153 288.0 48.0 288.0 0.0 336.0 0.0 6
  50.0 50.0 30.51370 50.0 100.0 40.70288 0.0 100.0 0.12996 432.0 0.0 432.0 48.0 384.0 48.0 8
  0.0 100.0 0.12996 0.0 50.0 0.43299 50.0 50.0 30.51370 384.0 48.0 384.0 0.0 432.0 0.0 8
  50.0 250.0 60.11452 50.0 200.0 26.26214 100.0 200.0 54.82712 288.0 48.0 288.0 0.0 336.0 0.0 6
  -50.0 0.0 0.30199 -50.0 -50.0 0.92219 0.0 -50.0 -4.41012 1152.0 48.0 1152.0 0.0 1200.0 0.0 24
  50.0 150.0 31.20948 50.0 200.0 26.26214 0.0 200.0 4.77343 1248.0 0.0 1248.0 48.0 1200.0 48.0 25
  0.0 0.0 0.23059 0.0 50.0 0.43299 -50.0 50.0 0.0 1200.0 0.0 1200.0 48.0 1152.0 48.0 24
  50.0 100.0 40.70288 50.0 150.0 31.20948 0.0 150.0 10.17049 336.0 0.0 336.0 48.0 288.0 48.0 6
  -50.0 -50.0 0.92219 -50.0 -100.0 40.23352 0.0 -100.0 41.95872 384.0 48.0 384.0 0.0 432.0 0.0 8
  0.0 150.0 10.17049 0.0 100.0 0.12996 50.0 100.0 40.70288 288.0 48.0 288.0 0.0 336.0 0.0 6
  0.0 50.0 0.43299 0.0 100.0 0.12996 -50.0 100.0 0.0 1200.0 0.0 1200.0 48.0 1152.0 48.0 24
  -100.0 -250.0 9.65291 -100.0 -200.0 63.18045 -150.0 -200.0 41.72539 432.0 0.0 432.0 48.0 384.0 48.0 8
  -50.0 -100.0 40.23352 -50.0 -150.0 77.47882 0.0 -150.0 72.20004 384.0 48.0 384.0 0.0 432.0 0.0 8
  0.0 200.0 4.77343 0.0 150.0 10.17049 50.0 150.0 31.20948 1200.0 48.0 1200.0 0.0 1248.0 0.0 25
  -50.0 50.0 0.0 -50.0 0.0 0.30199 0.0 0.0 0.23059 1152.0 48.0 1152.0 0.0 1200.0 0.0 24
  -50.0 -100.0 40.23352 -50.0 -50.0 0.92219 -100.0 -50.0 0.43582 432.0 0.0 432.0 48.0 384.0 48.0 8
  -200.0 -200.0 38.87400 -200.0 -250.0 1.95980 -150.0 -250.0 2.20795 384.0 48.0 384.0 0.0 432.0 0.0 8
  0.0 250.0 40.60419 0.0 200.0 4.77343 50.0 200.0 26.26214 1200.0 48.0 1200.0 0.0 1248.0 0.0 25
  50.0 200.0 26.26214 50.0 250.0 60.11452 0.0 250.0 40.60419 336.0 0.0 336.0 48.0 288.0 48.0 6
  -50.0 -200.0 67.76161 -50.0 -150.0 77.47882 -100.0 -150.0 57.23373 336.0 0.0 336.0 48.0 288.0 48.0 6
  -100.0 -150.0 57.23373 -100.0 -200.0 63.18045 -50.0 -200.0 67.76161 288.0 48.0 288.0 0.0 336.0 0.0 6
  0.0 100.0 0.12996 0.0 150.0 10.17049 -50.0 150.0 0.35299 720.0 0.0 720.0 48.0 672.0 48.0 14
  -50.0 -150.0 77.47882 -50.0 -100.0 40.23352 -100.0 -100.0 19.98254 432.0 0.0 432.0 48.0 384.0 48.0 8
  -50.0 -50.0 0.92219 -50.0 0.0 0.30199 -100.0 0.0 0.20000 1200.0 0.0 1200.0 48.0 1152.0 48.0 24
  -50.0 100.0 0.0 -50.0 50.0 0.0 0.0 50.0 0.43299 1152.0 48.0 1152.0 0.0 1200.0 0.0 24
  0.0 150.0 10.17049 0.0 200.0 4.77343 -50.0 200.0 0.17971 1248.0 0.0 1248.0 48.0 1200.0 48.0 25
  -100.0 -50.0 0.43582 -100.0 -100.0 19.98254 -50.0 -100.0 40.23352 384.0 48.0 384.0 0.0 432.0 0.0 8
  -150.0 -250.0 2.20795 -150.0 -200.0 41.72539 -200.0 -200.0 38.87400 432.0 0.0 432.0 48.0 384.0 48.0 8
  -50.0 150.0 0.35299 -50.0 100.0 0.0 0.0 100.0 0.12996 672.0 48.0 672.0 0.0 720.0 0.0 14
  -100.0 0.0 0.20000 -100.0 -50.0 0.43582 -50.0 -50.0 0.92219 1152.0 48.0 1152.0 0.0 1200.0 0.0 24
  -100.0 -100.0 19.98254 -100.0 -150.0 57.23373 -50.0 -150.0 77.47882 384.0 48.0 384.0 0.0 432.0 0.0 8
  -50.0 0.0 0.30199 -50.0 50.0 0.0 -100.0 50.0 0.0 1200.0 0.0 1200.0 48.0 1152.0 48.0 24
  -250.0 -200.0 6.38506 -250.0 -250.0 4.92636 -200.0 -250.0 1.95980 384.0 48.0 384.0 0.0 432.0 0.0 8
  0.0 200.0 4.77343 0.0 250.0 40.60419 -50.0 250.0 0.31700 1248.0 0.0 1248.0 48.0 1200.0 48.0 25
  -50.0 200.0 0.17971 -50.0 150.0 0.35299 0.0 150.0 10.17049 672.0 48.0 672.0 0.0 720.0 0.0 14
  -150.0 -150.0 46.20431 -150.0 -200.0 41.72539 -100.0 -200.0 63.18045 384.0 48.0 384.0 0.0 432.0 0.0 8
  -50.0 250.0 0.31700 -50.0 200.0 0.17971 0.0 200.0 4.77343 1200.0 48.0 1200.0 0.0 1248.0 0.0 25
  -100.0 -200.0 63.18045 -100.0 -150.0 57.23373 -150.0 -150.0 46.20431 432.0 0.0 432.0 48.0 384.0 48.0 8
  -100.0 -100.0 19.98254 -100.0 -50.0 0.43582 -150.0 -50.0 0.29275 432.0 0.0 432.0 48.0 384.0 48.0 8
  -50.0 50.0 0.0 -50.0 100.0 0.0 -100.0 100.0 0.0 1200.0 0.0 1200.0 48.0 1152.0 48.0 24
  -100.0 -150.0 57.23373 -100.0 -100.0 19.98254 -150.0 -100.0 30.70438 432.0 0.0 432.0 48.0 384.0 48.0 8
  -100.0 50.0 0.0 -100.0 0.0 0.20000 -50.0 0.0 0.30199 1152.0 48.0 1152.0 0.0 1200.0 0.0 24
  -200.0 -250.0 1.95980 -200.0 -200.0 38.87400 -250.0 -200.0 6.38506 432.0 0.0 432.0 48.0 384.0 48.0 8
  -50.0 100.0 0.0 -50.0 150.0 0.35299 -100.0 150.0 0.0 720.0 0.0 720.0 48.0 672.0 48.0 14
  -100.0 -50.0 0.43582 -100.0 0.0 0.20000 -150.0 0.0 0.0 1200.0 0.0 1200.0 48.0 1152.0 48.0 24
  -50.0 150.0 0.35299 -50.0 200.0 0.17971 -100.0 200.0 0.64999 720.0 0.0 720.0 48.0 672.0 48.0 14
  -100.0 100.0 0.0 -100.0 50.0 0.0 -50.0 50.0 0.0 1152.0 48.0 1152.0 0.0 1200.0 0.0 24
  -50.0 200.0 0.17971 -50.0 250.0 0.31700 -100.0 250.0 0.10000 720.0 0.0 720.0 48.0 672.0 48.0 14
  -150.0 -100.0 30.70438 -150.0 -150.0 46.20431 -100.0 -150.0 57.23373 384.0 48.0 384.0 0.0 432.0 0.0 8
  -200.0 -150.0 32.97198 -200.0 -200.0 38.87400 -150.0 -200.0 41.72539 384.0 48.0 384.0 0.0 432.0 0.0 8
  -150.0 -50.0 0.29275 -150.0 -100.0 30.70438 -100.0 -100.0 19.98254 384.0 48.0 384.0 0.0 432.0 0.0 8
  -150.0 -200.0 41.72539 -150.0 -150.0 46.20431 -200.0 -150.0 32.97198 432.0 0.0 432.0 48.0 384.0 48.0 8
  -150.0 0.0 0.0 -150.0 -50.0 0.29275 -100.0 -50.0 0.43582 1152.0 48.0 1152.0 0.0 1200.0 0.0 24
  -100.0 150.0 0.0 -100.0 100.0 0.0 -50.0 100.0 0.0 1152.0 48.0 1152.0 0.0 1200.0 0.0 24
  -100.0 0.0 0.20000 -100.0 50.0 0.0 -150.0 50.0 0.0 1200.0 0.0 1200.0 48.0 1152.0 48.0 24
  -250.0 -150.0 11.36217 -250.0 -200.0 6.38506 -200.0 -200.0 38.87400 384.0 48.0 384.0 0.0 432.0 0.0 8
  -100.0 200.0 0.64999 -100.0 150.0 0.0 -50.0 150.0 0.35299 672.0 48.0 672.0 0.0 720.0 0.0 14
  -100.0 250.0 0.10000 -100.0 200.0 0.64999 -50.0 200.0 0.17971 672.0 48.0 672.0 0.0 720.0 0.0 14
  -150.0 -100.0 30.70438 -150.0 -50.0 0.29275 -200.0 -50.0 0.91983 432.0 0.0 432.0 48.0 384.0 48.0 8
  -150.0 -150.0 46.20431 -150.0 -100.0 30.70438 -200.0 -100.0 27.47311 432.0 0.0 432.0 48.0 384.0 48.0 8
  -150.0 50.0 0.0 -150.0 0.0 0.0 -100.0 0.0 0.20000 1152.0 48.0 1152.0 0.0 1200.0 0.0 24
  -100.0 50.0 0.0 -100.0 100.0 0.0 -150.0 100.0 0.0 1200.0 0.0 1200.0 48.0 1152.0 48.0 24
  -200.0 -200.0 38.87400 -200.0 -150.0 32.97198 -250.0 -150.0 11.36217 432.0 0.0 432.0 48.0 384.0 48.0 8
  -200.0 -100.0 27.47311 -200.0 -150.0 32.97198 -150.0 -150.0 46.20431 384.0 48.0 384.0 0.0 432.0 0.0 8
  -100.0 100.0 0.0 -100.0 150.0 0.0 -150.0 150.0 0.0 1200.0 0.0 1200.0 48.0 1152.0 48.0 24
  -150.0 -50.0 0.29275 -150.0 0.0 0.0 -200.0 0.0 0.0 1200.0 0.0 1200.0 48.0 1152.0 48.0 24
  -150.0 100.0 0.0 -150.0 50.0 0.0 -100.0 50.0 0.0 1152.0 48.0 1152.0 0.0 1200.0 0.0 24
  -100.0 150.0 0.0 -100.0 200.0 0.64999 -150.0 200.0 0.0 720.0 0.0 720.0 48.0 672.0 48.0 14
  -100.0 200.0 0.64999 -100.0 250.0 0.10000 -150.0 250.0 0.0 720.0 0.0 720.0 48.0 672.0 48.0 14
  -200.0 -50.0 0.91983 -200.0 -100.0 27.47311 -150.0 -100.0 30.70438 384.0 48.0 384.0 0.0 432.0 0.0 8
  -200.0 0.0 0.0 -200.0 -50.0 0.91983 -150.0 -50.0 0.29275 1152.0 48.0 1152.0 0.0 1200.0 0.0 24
  -250.0 -100.0 18.98533 -250.0 -150.0 11.36217 -200.0 -150.0 32.97198 384.0 48.0 384.0 0.0 432.0 0.0 8
  -150.0 150.0 0.0 -150.0 100.0 0.0 -100.0 100.0 0.0 1152.0 48.0 1152.0 0.0 1200.0 0.0 24
  -150.0 0.0 0.0 -150.0 50.0 0.0 -200.0 50.0 0.0 1200.0 0.0 1200.0 48.0 1152.0 48.0 24
  -200.0 -150.0 32.97198 -200.0 -100.0 27.47311 -250.0 -100.0 18.98533 432.0 0.0 432.0 48.0 384.0 48.0 8
  -200.0 -100.0 27.47311 -200.0 -50.0 0.91983 -250.0 -50.0 0.49393 432.0 0.0 432.0 48.0 384.0 48.0 8
  -150.0 200.0 0.0 -150.0 150.0 0.0 -100.0 150.0 0.0 1152.0 48.0 1152.0 0.0 1200.0 0.0 24
  -200.0 50.0 0.0 -200.0 0.0 0.0 -150.0 0.0 0.0 1152.0 48.0 1152.0 0.0 1200.0 0.0 24
  -150.0 250.0 0.0 -150.0 200.0 0.0 -100.0 200.0 0.64999 672.0 48.0 672.0 0.0 720.0 0.0 14
  -150.0 50.0 0.0 -150.0 100.0 0.0 -200.0 100.0 0.0 1200.0 0.0 1200.0 48.0 1152.0 48.0 24
  -200.0 -50.0 0.91983 -200.0 0.0 0.0 -250.0 0.0 0.0 1200.0 0.0 1200.0 48.0 1152.0 48.0 24
  -250.0 -50.0 0.49393 -250.0 -100.0 18.98533 -200.0 -100.0 27.47311 384.0 48.0 384.0 0.0 432.0 0.0 8
  -150.0 100.0 0.0 -150.0 150.0 0.0 -200.0 150.0 0.0 1200.0 0.0 1200.0 48.0 1152.0 48.0 24
  -200.0 100.0 0.0 -200.0 50.0 0.0 -150.0 50.0 0.0 1152.0 48.0 1152.0 0.0 1200.0 0.0 24
  -250.0 0.0 0.0 -250.0 -50.0 0.49393 -200.0 -50.0 0.91983 1152.0 48.0 1152.0 0.0 1200.0 0.0 24
  -150.0 150.0 0.0 -150.0 200.0 0.0 -200.0 200.0 0.0 1200.0 0.0 1200.0 48.0 1152.0 48.0 24
  -150.0 200.0 0.0 -150.0 250.0 0.0 -200.0 250.0 0.0 1200.0 0.0 1200.0 48.0 1152.0 48.0 24
  -200.0 0.0 0.0 -200.0 50.0 0.0 -250.0 50.0 0.0 1200.0 0.0 1200.0 48.0 1152.0 48.0 24
  -200.0 150.0 0.0 -200.0 100.0 0.0 -150.0 100.0 0.0 1152.0 48.0 1152.0 0.0 1200.0 0.0 24
  -200.0 200.0 0.0 -200.0 150.0 0.0 -150.0 150.0 0.0 1152.0 48.0 1152.0 0.0 1200.0 0.0 24
  -250.0 50.0 0.0 -250.0 0.0 0.0 -200.0 0.0 0.0 1152.0 48.0 1152.0 0.0 1200.0 0.0 24
  -200.0 250.0 0.0 -200.0 200.0 0.0 -150.0 200.0 0.0 1152.0 48.0 1152.0 0.0 1200.0 0.0 24
  -200.0 50.0 0.0 -200.0 100.0 0.0 -250.0 100.0 0.0 1200.0 0.0 1200.0 48.0 1152.0 48.0 24
  -200.0 100.0 0.0 -200.0 150.0 0.0 -250.0 150.0 0.0 1200.0 0.0 1200.0 48.0 1152.0 48.0 24
  -250.0 100.0 0.0 -250.0 50.0 0.0 -200.0 50.0 0.0 1152.0 48.0 1152.0 0.0 1200.0 0.0 24
  -200.0 150.0 0.0 -200.0 200.0 0.0 -250.0 200.0 0.0 1200.0 0.0 1200.0 48.0 1152.0 48.0 24
  -200.0 200.0 0.0 -200.0 250.0 0.0 -250.0 250.0 0.0 1200.0 0.0 1200.0 48.0 1152.0 48.0 24
  -250.0 150.0 0.0 -250.0 100.0 0.0 -200.0 100.0 0.0 1152.0 48.0 1152.0 0.0 1200.0 0.0 24
  -250.0 200.0 0.0 -250.0 150.0 0.0 -200.0 150.0 0.0 1152.0 48.0 1152.0 0.0 1200.0 0.0 24
  -250.0 250.0 0.0 -250.0 200.0 0.0 -200.0 200.0 0.0 1152.0 48.0 1152.0 0.0 1200.0 0.0 24
