  400.0 -450.0 0.0 400.0 -500.0 0.0 450.0 -500.0 0.0 0.0 48.0 0.0 0.0 48.0 0.0 0
  450.0 -500.0 0.0 450.0 -450.0 0.0 400.0 -450.0 0.0 48.0 0.0 48.0 48.0 0.0 48.0 0
  450.0 -400.0 0.0 450.0 -450.0 0.0 500.0 -450.0 0.0 0.0 48.0 0.0 0.0 48.0 0.0 0
  350.0 -450.0 0.0 350.0 -500.0 0.0 400.0 -500.0 0.0 0.0 48.0 0.0 0.0 48.0 0.0 0
  500.0 -450.0 0.0 500.0 -400.0 0.0 450.0 -400.0 0.0 48.0 0.0 48.0 48.0 0.0 48.0 0
  400.0 -500.0 0.0 400.0 -450.0 0.0 350.0 -450.0 0.0 48.0 0.0 48.0 48.0 0.0 48.0 0
  300.0 -450.0 0.0 300.0 -500.0 0.0 350.0 -500.0 0.0 0.0 48.0 0.0 0.0 48.0 0.0 0
  400.0 -400.0 0.0 400.0 -450.0 0.0 450.0 -450.0 0.0 0.0 48.0 0.0 0.0 48.0 0.0 0
  450.0 -450.0 0.0 450.0 -400.0 0.0 400.0 -400.0 0.0 48.0 0.0 48.0 48.0 0.0 48.0 0
  350.0 -500.0 0.0 350.0 -450.0 0.0 300.0 -450.0 0.0 48.0 0.0 48.0 48.0 0.0 48.0 0
  250.0 -450.0 0.0 250.0 -500.0 0.0 300.0 -500.0 0.0 0.0 48.0 0.0 0.0 48.0 0.0 0
  450.0 -350.0 0.0 450.0 -400.0 0.0 500.0 -400.0 0.0 0.0 48.0 0.0 0.0 48.0 0.0 0
  350.0 -400.0 0.0 350.0 -450.0 0.0 400.0 -450.0 0.0 0.0 48.0 0.0 0.0 48.0 0.0 0
  500.0 -400.0 0.0 500.0 -350.0 0.0 450.0 -350.0 0.0 48.0 0.0 48.0 48.0 0.0 48.0 0
  300.0 -500.0 0.0 300.0 -450.0 0.0 250.0 -450.0 0.0 48.0 0.0 48.0 48.0 0.0 48.0 0
  400.0 -450.0 0.0 400.0 -400.0 0.0 350.0 -400.0 0.0 48.0 0.0 48.0 48.0 0.0 48.0 0
  200.0 -450.0 0.0 200.0 -500.0 0.0 250.0 -500.0 0.0 0.0 48.0 0.0 0.0 48.0 0.0 0
  400.0 -350.0 0.0 400.0 -400.0 0.0 450.0 -400.0 0.0 0.0 48.0 0.0 0.0 48.0 0.0 0
  300.0 -400.0 0.0 300.0 -450.0 0.0 350.0 -450.0 0.0 0.0 48.0 0.0 0.0 48.0 0.0 0
  250.0 -500.0 0.0 250.0 -450.0 0.0 200.0 -450.0 0.0 48.0 0.0 48.0 48.0 0.0 48.0 0
  150.0 -450.0 0.0 150.0 -500.0 0.0 200.0 -500.0 0.0 0.0 48.0 0.0 0.0 48.0 0.0 0
  450.0 -400.0 0.0 450.0 -350.0 0.0 400.0 -350.0 0.0 48.0 0.0 48.0 48.0 0.0 48.0 0
  350.0 -450.0 0.0 350.0 -400.0 0.0 300.0 -400.0 0.0 48.0 0.0 48.0 48.0 0.0 48.0 0
  450.0 -300.0 0.0 450.0 -350.0 0.0 500.0 -350.0 0.0 0.0 48.0 0.0 0.0 48.0 0.0 0
  250.0 -400.0 0.0 250.0 -450.0 0.0 300.0 -450.0 0.0 0.0 48.0 0.0 0.0 48.0 0.0 0
  100.0 -450.0 0.0 100.0 -500.0 0.0 150.0 -500.0 0.0 0.0 48.0 0.0 0.0 48.0 0.0 0
  200.0 -500.0 0.0 200.0 -450.0 0.0 150.0 -450.0 0.0 48.0 0.0 48.0 48.0 0.0 48.0 0
  350.0 -350.0 0.0 350.0 -400.0 0.0 400.0 -400.0 0.0 0.0 48.0 0.0 0.0 48.0 0.0 0
  500.0 -350.0 0.0 500.0 -300.0 0.0 450.0 -300.0 0.0 48.0 0.0 48.0 48.0 0.0 48.0 0
  400.0 -400.0 0.0 400.0 -350.0 0.0 350.0 -350.0 0.0 48.0 0.0 48.0 48.0 0.0 48.0 0
  300.0 -450.0 0.0 300.0 -400.0 0.0 250.0 -400.0 0.0 48.0 0.0 48.0 48.0 0.0 48.0 0
  50.0 -450.0 0.0 50.0 -500.0 0.0 100.0 -500.0 0.0 0.0 48.0 0.0 0.0 48.0 0.0 0
  200.0 -400.0 0.0 200.0 -450.0 0.0 250.0 -450.0 0.0 0.0 48.0 0.0 0.0 48.0 0.0 0
  150.0 -500.0 0.0 150.0 -450.0 0.0 100.0 -450.0 0.0 48.0 0.0 48.0 48.0 0.0 48.0 0
  400.0 -300.0 0.0 400.0 -350.0 0.0 450.0 -350.0 0.0 0.0 48.0 0.0 0.0 48.0 0.0 0
  0.0 -450.0 0.0 0.0 -500.0 0.0 50.0 -500.0 0.0 0.0 48.0 0.0 0.0 48.0 0.0 0
  300.0 -350.0 0.0 300.0 -400.0 0.0 350.0 -400.0 0.0 0.0 48.0 0.0 0.0 48.0 0.0 0
  450.0 -350.0 0.0 450.0 -300.0 0.0 400.0 -300.0 0.0 48.0 0.0 48.0 48.0 0.0 48.0 0
  100.0 -500.0 0.0 100.0 -450.0 0.0 50.0 -450.0 0.0 48.0 0.0 48.0 48.0 0.0 48.0 0
  250.0 -450.0 0.0 250.0 -400.0 0.0 200.0 -400.0 0.0 48.0 0.0 48.0 48.0 0.0 48.0 0
  -50.0 -450.0 0.0 -50.0 -500.0 0.0 0.0 -500.0 0.0 0.0 48.0 0.0 0.0 48.0 0.0 0
  150.0 -400.0 0.0 150.0 -450.0 0.0 200.0 -450.0 0.0 0.0 48.0 0.0 0.0 48.0 0.0 0
  350.0 -400.0 0.0 350.0 -350.0 0.0 300.0 -350.0 0.0 48.0 0.0 48.0 48.0 0.0 48.0 0
  450.0 -250.0 0.0 450.0 -300.0 0.0 500.0 -300.0 0.0 0.0 48.0 0.0 0.0 48.0 0.0 0
  -100.0 -450.0 0.0 -100.0 -500.0 0.0 -50.0 -500.0 0.0 0.0 48.0 0.0 0.0 48.0 0.0 0
  50.0 -500.0 0.0 50.0 -450.0 0.0 0.0 -450.0 0.0 48.0 0.0 48.0 48.0 0.0 48.0 0
  250.0 -350.0 0.0 250.0 -400.0 0.0 300.0 -400.0 0.0 0.0 48.0 0.0 0.0 48.0 0.0 0
  -150.0 -450.0 0.0 -150.0 -500.0 0.0 -100.0 -500.0 0.0 0.0 48.0 0.0 0.0 48.0 0.0 0
  500.0 -300.0 0.0 500.0 -250.0 0.0 450.0 -250.0 0.0 48.0 0.0 48.0 48.0 0.0 48.0 0
  350.0 -300.0 0.0 350.0 -350.0 0.0 400.0 -350.0 0.0 0.0 48.0 0.0 0.0 48.0 0.0 0
  100.0 -400.0 0.0 100.0 -450.0 0.0 150.0 -450.0 0.0 0.0 48.0 0.0 0.0 48.0 0.0 0
  -200.0 -450.0 0.0 -200.0 -500.0 0.0 -150.0 -500.0 0.0 0.0 48.0 0.0 0.0 48.0 0.0 0
  200.0 -450.0 0.0 200.0 -400.0 0.0 150.0 -400.0 0.0 48.0 0.0 48.0 48.0 0.0 48.0 0
  -300.0 -450.0 0.0 -300.0 -500.0 0.0 -250.0 -500.0 0.0 0.0 48.0 0.0 0.0 48.0 0.0 0
  -250.0 -450.0 0.0 -250.0 -500.0 0.0 -200.0 -500.0 0.0 0.0 48.0 0.0 0.0 48.0 0.0 0
  0.0 -500.0 0.0 0.0 -450.0 0.0 -50.0 -450.0 0.0 48.0 0.0 48.0 48.0 0.0 48.0 0
  400.0 -350.0 0.0 400.0 -300.0 0.0 350.0 -300.0 0.0 48.0 0.0 48.0 48.0 0.0 48.0 0
  300.0 -400.0 0.0 300.0 -350.0 0.0 250.0 -350.0 0.0 48.0 0.0 48.0 48.0 0.0 48.0 0
  50.0 -400.0 0.0 50.0 -450.0 0.0 100.0 -450.0 0.0 0.0 48.0 0.0 0.0 48.0 0.0 0
  -50.0 -500.0 0.0 -50.0 -450.0 0.0 -100.0 -450.0 0.0 48.0 0.0 48.0 48.0 0.0 48.0 0
  200.0 -350.0 0.0 200.0 -400.0 0.0 250.0 -400.0 0.0 0.0 48.0 0.0 0.0 48.0 0.0 0
  400.0 -250.0 0.0 400.0 -300.0 0.0 450.0 -300.0 0.0 0.0 48.0 0.0 0.0 48.0 0.0 0
  150.0 -450.0 0.0 150.0 -400.0 0.0 100.0 -400.0 0.0 48.0 0.0 48.0 48.0 0.0 48.0 0
  -100.0 -500.0 0.0 -100.0 -450.0 0.0 -150.0 -450.0 0.0 48.0 0.0 48.0 48.0 0.0 48.0 0
  300.0 -300.0 0.0 300.0 -350.0 0.0 350.0 -350.0 0.0 0.0 48.0 0.0 0.0 48.0 0.0 0
  -150.0 -500.0 0.0 -150.0 -450.0 0.0 -200.0 -450.0 0.0 48.0 0.0 48.0 48.0 0.0 48.0 0
  450.0 -300.0 0.0 450.0 -250.0 0.0 400.0 -250.0 0.0 48.0 0.0 48.0 48.0 0.0 48.0 0
  0.0 -400.0 0.0 0.0 -450.0 0.0 50.0 -450.0 0.0 0.0 48.0 0.0 0.0 48.0 0.0 0
  -200.0 -500.0 0.0 -200.0 -450.0 0.0 -250.0 -450.0 0.0 48.0 0.0 48.0 48.0 0.0 48.0 0
  -250.0 -500.0 0.0 -250.0 -450.0 0.0 -300.0 -450.0 0.0 48.0 0.0 48.0 48.0 0.0 48.0 0
  250.0 -400.0 0.0 250.0 -350.0 0.0 200.0 -350.0 0.0 48.0 0.0 48.0 48.0 0.0 48.0 0
  100.0 -450.0 0.0 100.0 -400.0 0.0 50.0 -400.0 0.0 48.0 0.0 48.0 48.0 0.0 48.0 0
  450.0 -200.0 0.0 450.0 -250.0 0.0 500.0 -250.0 0.0 0.0 48.0 0.0 0.0 48.0 0.0 0
  350.0 -350.0 0.0 350.0 -300.0 0.0 300.0 -300.0 0.0 48.0 0.0 48.0 48.0 0.0 48.0 0
  150.0 -350.0 0.0 150.0 -400.0 0.0 200.0 -400.0 0.0 0.0 48.0 0.0 0.0 48.0 0.0 0
  -50.0 -400.0 0.0 -50.0 -450.0 0.0 0.0 -450.0 0.0 0.0 48.0 0.0 0.0 48.0 0.0 0
  500.0 -250.0 0.0 500.0 -200.0 0.0 450.0 -200.0 0.0 48.0 0.0 48.0 48.0 0.0 48.0 0
  -100.0 -400.0 0.0 -100.0 -450.0 0.0 -50.0 -450.0 0.0 0.0 48.0 0.0 0.0 48.0 0.0 0
  350.0 -250.0 0.0 350.0 -300.0 0.0 400.0 -300.0 0.0 0.0 48.0 0.0 0.0 48.0 0.0 0
  250.0 -300.0 0.0 250.0 -350.0 0.0 300.0 -350.0 0.0 0.0 48.0 0.0 0.0 48.0 0.0 0
  50.0 -450.0 0.0 50.0 -400.0 0.0 0.0 -400.0 0.0 48.0 0.0 48.0 48.0 0.0 48.0 0
  -150.0 -400.0 0.0 -150.0 -450.0 0.0 -100.0 -450.0 0.0 0.0 48.0 0.0 0.0 48.0 0.0 0
  200.0 -400.0 0.0 200.0 -350.0 0.0 150.0 -350.0 0.0 48.0 0.0 48.0 48.0 0.0 48.0 0
  100.0 -350.0 0.0 100.0 -400.0 0.0 150.0 -400.0 0.0 0.0 48.0 0.0 0.0 48.0 0.0 0
  -200.0 -400.0 0.0 -200.0 -450.0 0.0 -150.0 -450.0 0.0 0.0 48.0 0.0 0.0 48.0 0.0 0
  400.0 -300.0 0.0 400.0 -250.0 0.0 350.0 -250.0 0.0 48.0 0.0 48.0 48.0 0.0 48.0 0
  -300.0 -400.0 0.0 -300.0 -450.0 0.0 -250.0 -450.0 0.0 0.0 48.0 0.0 0.0 48.0 0.0 0
  -250.0 -400.0 0.0 -250.0 -450.0 0.0 -200.0 -450.0 0.0 0.0 48.0 0.0 0.0 48.0 0.0 0
  300.0 -350.0 0.0 300.0 -300.0 0.0 250.0 -300.0 0.0 48.0 0.0 48.0 48.0 0.0 48.0 0
  0.0 -450.0 0.0 0.0 -400.0 0.0 -50.0 -400.0 0.0 48.0 0.0 48.0 48.0 0.0 48.0 0
  400.0 -200.0 0.0 400.0 -250.0 0.0 450.0 -250.0 0.0 0.0 48.0 0.0 0.0 48.0 0.0 0
  200.0 -300.0 0.0 200.0 -350.0 0.0 250.0 -350.0 0.0 0.0 48.0 0.0 0.0 48.0 0.0 0
  50.0 -350.0 0.0 50.0 -400.0 0.0 100.0 -400.0 0.0 0.0 48.0 0.0 0.0 48.0 0.0 0
  -50.0 -450.0 0.0 -50.0 -400.0 0.0 -100.0 -400.0 0.0 48.0 0.0 48.0 48.0 0.0 48.0 0
  150.0 -400.0 0.0 150.0 -350.0 0.0 100.0 -350.0 0.0 48.0 0.0 48.0 48.0 0.0 48.0 0
  450.0 -250.0 0.0 450.0 -200.0 0.0 400.0 -200.0 0.0 48.0 0.0 48.0 48.0 0.0 48.0 0
  300.0 -250.0 0.0 300.0 -300.0 0.0 350.0 -300.0 0.0 0.0 48.0 0.0 0.0 48.0 0.0 0
  -100.0 -450.0 0.0 -100.0 -400.0 0.0 -150.0 -400.0 0.0 48.0 0.0 48.0 48.0 0.0 48.0 0
  450.0 -150.0 0.0 450.0 -200.0 0.0 500.0 -200.0 0.0 0.0 48.0 0.0 0.0 48.0 0.0 0
  0.0 -350.0 0.0 0.0 -400.0 0.0 50.0 -400.0 0.0 0.0 48.0 0.0 0.0 48.0 0.0 0
  -150.0 -450.0 0.0 -150.0 -400.0 0.0 -200.0 -400.0 0.0 48.0 0.0 48.0 48.0 0.0 48.0 0
  250.0 -350.0 0.0 250.0 -300.0 0.0 200.0 -300.0 0.0 48.0 0.0 48.0 48.0 0.0 48.0 0
  350.0 -300.0 0.0 350.0 -250.0 0.0 300.0 -250.0 0.0 48.0 0.0 48.0 48.0 0.0 48.0 0
  -200.0 -450.0 0.0 -200.0 -400.0 0.0 -250.0 -400.0 0.0 48.0 0.0 48.0 48.0 0.0 48.0 0
  -250.0 -450.0 0.0 -250.0 -400.0 0.0 -300.0 -400.0 0.0 48.0 0.0 48.0 48.0 0.0 48.0 0
  500.0 -200.0 0.0 500.0 -150.0 0.0 450.0 -150.0 0.0 48.0 0.0 48.0 48.0 0.0 48.0 0
  150.0 -300.0 0.0 150.0 -350.0 0.0 200.0 -350.0 0.0 0.0 48.0 0.0 0.0 48.0 0.0 0
  100.0 -400.0 0.0 100.0 -350.0 0.0 50.0 -350.0 0.0 48.0 0.0 48.0 48.0 0.0 48.0 0
  -50.0 -350.0 0.0 -50.0 -400.0 0.0 0.0 -400.0 0.0 0.0 48.0 0.0 0.0 48.0 0.0 0
  350.0 -200.0 0.0 350.0 -250.0 0.0 400.0 -250.0 0.0 0.0 48.0 0.0 0.0 48.0 0.0 0
  250.0 -250.0 0.0 250.0 -300.0 0.0 300.0 -300.0 0.0 0.0 48.0 0.0 0.0 48.0 0.0 0
  -100.0 -350.0 0.0 -100.0 -400.0 0.0 -50.0 -400.0 0.0 0.0 48.0 0.0 0.0 48.0 0.0 0
  50.0 -400.0 0.0 50.0 -350.0 0.0 0.0 -350.0 0.0 48.0 0.0 48.0 48.0 0.0 48.0 0
  400.0 -250.0 0.0 400.0 -200.0 0.0 350.0 -200.0 0.0 48.0 0.0 48.0 48.0 0.0 48.0 0
  200.0 -350.0 0.0 200.0 -300.0 0.0 150.0 -300.0 0.0 48.0 0.0 48.0 48.0 0.0 48.0 0
  100.0 -300.0 0.0 100.0 -350.0 0.0 150.0 -350.0 0.0 0.0 48.0 0.0 0.0 48.0 0.0 0
  -150.0 -350.0 0.0 -150.0 -400.0 0.0 -100.0 -400.0 0.0 0.0 48.0 0.0 0.0 48.0 0.0 0
  300.0 -300.0 0.0 300.0 -250.0 0.0 250.0 -250.0 0.0 48.0 0.0 48.0 48.0 0.0 48.0 0
  -200.0 -350.0 0.0 -200.0 -400.0 0.0 -150.0 -400.0 0.0 0.0 48.0 0.0 0.0 48.0 0.0 0
  400.0 -150.0 0.0 400.0 -200.0 0.0 450.0 -200.0 0.0 0.0 48.0 0.0 0.0 48.0 0.0 0
  -250.0 -350.0 0.0 -250.0 -400.0 0.0 -200.0 -400.0 0.0 0.0 48.0 0.0 0.0 48.0 0.0 0
  -300.0 -350.0 0.0 -300.0 -400.0 0.0 -250.0 -400.0 0.0 0.0 48.0 0.0 0.0 48.0 0.0 0
  0.0 -400.0 0.0 0.0 -350.0 0.0 -50.0 -350.0 0.0 48.0 0.0 48.0 48.0 0.0 48.0 0
  450.0 -200.0 0.0 450.0 -150.0 0.0 400.0 -150.0 0.0 48.0 0.0 48.0 48.0 0.0 48.0 0
  200.0 -250.0 0.0 200.0 -300.0 0.0 250.0 -300.0 0.0 0.0 48.0 0.0 0.0 48.0 0.0 0
  300.0 -200.0 0.0 300.0 -250.0 0.0 350.0 -250.0 0.0 0.0 48.0 0.0 0.0 48.0 0.0 0
  50.0 -300.0 0.0 50.0 -350.0 0.0 100.0 -350.0 0.0 0.0 48.0 0.0 0.0 48.0 0.0 0
  150.0 -350.0 0.0 150.0 -300.0 0.0 100.0 -300.0 0.0 48.0 0.0 48.0 48.0 0.0 48.0 0
  -50.0 -400.0 0.0 -50.0 -350.0 0.0 -100.0 -350.0 0.0 48.0 0.0 48.0 48.0 0.0 48.0 0
  450.0 -100.0 0.0 450.0 -150.0 0.0 500.0 -150.0 0.0 0.0 48.0 0.0 0.0 48.0 0.0 0
  -100.0 -400.0 0.0 -100.0 -350.0 0.0 -150.0 -350.0 0.0 48.0 0.0 48.0 48.0 0.0 48.0 0
  350.0 -250.0 0.0 350.0 -200.0 0.0 300.0 -200.0 0.0 48.0 0.0 48.0 48.0 0.0 48.0 0
  250.0 -300.0 0.0 250.0 -250.0 0.0 200.0 -250.0 0.0 48.0 0.0 48.0 48.0 0.0 48.0 0
  0.0 -300.0 0.0 0.0 -350.0 0.0 50.0 -350.0 0.0 0.0 48.0 0.0 0.0 48.0 0.0 0
  -150.0 -400.0 0.0 -150.0 -350.0 0.0 -200.0 -350.0 0.0 48.0 0.0 48.0 48.0 0.0 48.0 0
  -300.0 -400.0 0.0 -300.0 -350.0 0.0 -350.0 -350.0 0.0 48.0 0.0 48.0 48.0 0.0 48.0 0
  150.0 -250.0 0.0 150.0 -300.0 0.0 200.0 -300.0 0.0 0.0 48.0 0.0 0.0 48.0 0.0 0
  100.0 -350.0 0.0 100.0 -300.0 0.0 50.0 -300.0 0.0 48.0 0.0 48.0 48.0 0.0 48.0 0
  -200.0 -400.0 0.0 -200.0 -350.0 0.0 -250.0 -350.0 0.0 48.0 0.0 48.0 48.0 0.0 48.0 0
  -250.0 -400.0 0.0 -250.0 -350.0 0.0 -300.0 -350.0 0.0 48.0 0.0 48.0 48.0 0.0 48.0 0
  350.0 -150.0 0.0 350.0 -200.0 0.0 400.0 -200.0 0.0 0.0 48.0 0.0 0.0 48.0 0.0 0
  -50.0 -300.0 0.0 -50.0 -350.0 0.0 0.0 -350.0 0.0 0.0 48.0 0.0 0.0 48.0 0.0 0
  250.0 -200.0 0.0 250.0 -250.0 0.0 300.0 -250.0 0.0 0.0 48.0 0.0 0.0 48.0 0.0 0
  400.0 -200.0 0.0 400.0 -150.0 0.0 350.0 -150.0 0.0 48.0 0.0 48.0 48.0 0.0 48.0 0
  -100.0 -300.0 0.0 -100.0 -350.0 0.0 -50.0 -350.0 0.0 0.0 48.0 0.0 0.0 48.0 0.0 0
  200.0 -300.0 0.0 200.0 -250.0 0.0 150.0 -250.0 0.0 48.0 0.0 48.0 48.0 0.0 48.0 0
  50.0 -350.0 0.0 50.0 -300.0 0.0 0.0 -300.0 0.0 48.0 0.0 48.0 48.0 0.0 48.0 0
  400.0 -100.0 0.0 400.0 -150.0 0.0 450.0 -150.0 0.0 0.0 48.0 0.0 0.0 48.0 0.0 0
  100.0 -250.0 0.0 100.0 -300.0 0.0 150.0 -300.0 0.0 0.0 48.0 0.0 0.0 48.0 0.0 0
  300.0 -250.0 0.0 300.0 -200.0 0.0 250.0 -200.0 0.0 48.0 0.0 48.0 48.0 0.0 48.0 0
  -150.0 -300.0 0.0 -150.0 -350.0 0.0 -100.0 -350.0 0.0 0.0 48.0 0.0 0.0 48.0 0.0 0
  450.0 -150.0 0.0 450.0 -100.0 0.0 400.0 -100.0 0.0 48.0 0.0 48.0 48.0 0.0 48.0 0
  -350.0 -300.0 0.0 -350.0 -350.0 0.0 -300.0 -350.0 0.0 0.0 48.0 0.0 0.0 48.0 0.0 0
  -200.0 -300.0 0.0 -200.0 -350.0 0.0 -150.0 -350.0 0.0 0.0 48.0 0.0 0.0 48.0 0.0 0
  -300.0 -300.0 0.0 -300.0 -350.0 0.0 -250.0 -350.0 0.0 0.0 48.0 0.0 0.0 48.0 0.0 0
  0.0 -350.0 0.0 0.0 -300.0 0.0 -50.0 -300.0 0.0 48.0 0.0 48.0 48.0 0.0 48.0 0
  -250.0 -300.0 0.0 -250.0 -350.0 0.0 -200.0 -350.0 0.0 0.0 48.0 0.0 0.0 48.0 0.0 0
  300.0 -150.0 0.0 300.0 -200.0 0.0 350.0 -200.0 0.0 0.0 48.0 0.0 0.0 48.0 0.0 0
  200.0 -200.0 0.0 200.0 -250.0 0.0 250.0 -250.0 0.0 0.0 48.0 0.0 0.0 48.0 0.0 0
  150.0 -300.0 0.0 150.0 -250.0 0.0 100.0 -250.0 0.0 48.0 0.0 48.0 48.0 0.0 48.0 0
  50.0 -250.0 0.0 50.0 -300.0 0.0 100.0 -300.0 0.0 0.0 48.0 0.0 0.0 48.0 0.0 0
  -50.0 -350.0 0.0 -50.0 -300.0 0.0 -100.0 -300.0 0.0 48.0 0.0 48.0 48.0 0.0 48.0 0
  350.0 -200.0 0.0 350.0 -150.0 0.0 300.0 -150.0 0.0 48.0 0.0 48.0 48.0 0.0 48.0 0
  250.0 -250.0 0.0 250.0 -200.0 0.0 200.0 -200.0 0.0 48.0 0.0 48.0 48.0 0.0 48.0 0
  -100.0 -350.0 0.0 -100.0 -300.0 0.0 -150.0 -300.0 0.0 48.0 0.0 48.0 48.0 0.0 48.0 0
  350.0 -100.0 0.0 350.0 -150.0 0.0 400.0 -150.0 0.0 0.0 48.0 0.0 0.0 48.0 0.0 0
  0.0 -250.0 0.0 0.0 -300.0 0.0 50.0 -300.0 0.0 0.0 48.0 0.0 0.0 48.0 0.0 0
  150.0 -200.0 0.0 150.0 -250.0 0.0 200.0 -250.0 0.0 0.0 48.0 0.0 0.0 48.0 0.0 0
  -150.0 -350.0 0.0 -150.0 -300.0 0.0 -200.0 -300.0 0.0 48.0 0.0 48.0 48.0 0.0 48.0 0
  100.0 -300.0 0.0 100.0 -250.0 0.0 50.0 -250.0 0.0 48.0 0.0 48.0 48.0 0.0 48.0 0
  -300.0 -350.0 0.0 -300.0 -300.0 0.0 -350.0 -300.0 0.0 48.0 0.0 48.0 48.0 0.0 48.0 0
  -200.0 -350.0 0.0 -200.0 -300.0 0.0 -250.0 -300.0 0.0 48.0 0.0 48.0 48.0 0.0 48.0 0
  -250.0 -350.0 0.0 -250.0 -300.0 0.0 -300.0 -300.0 0.0 48.0 0.0 48.0 48.0 0.0 48.0 0
  400.0 -150.0 0.0 400.0 -100.0 0.0 350.0 -100.0 0.0 48.0 0.0 48.0 48.0 0.0 48.0 0
  250.0 -150.0 0.0 250.0 -200.0 0.0 300.0 -200.0 0.0 0.0 48.0 0.0 0.0 48.0 0.0 0
  -50.0 -250.0 0.0 -50.0 -300.0 0.0 0.0 -300.0 0.0 0.0 48.0 0.0 0.0 48.0 0.0 0
  400.0 -50.0 0.0 400.0 -100.0 0.0 450.0 -100.0 0.0 0.0 48.0 0.0 0.0 48.0 0.0 0
  450.0 -100.0 0.0 450.0 -50.0 0.0 400.0 -50.0 0.0 48.0 0.0 48.0 48.0 0.0 48.0 0
  300.0 -200.0 0.0 300.0 -150.0 0.0 250.0 -150.0 0.0 48.0 0.0 48.0 48.0 0.0 48.0 0
  200.0 -250.0 0.0 200.0 -200.0 0.0 150.0 -200.0 0.0 48.0 0.0 48.0 48.0 0.0 48.0 0
  50.0 -300.0 0.0 50.0 -250.0 0.0 0.0 -250.0 0.0 48.0 0.0 48.0 48.0 0.0 48.0 0
  -100.0 -250.0 0.0 -100.0 -300.0 0.0 -50.0 -300.0 0.0 0.0 48.0 0.0 0.0 48.0 0.0 0
  100.0 -200.0 0.0 100.0 -250.0 0.0 150.0 -250.0 0.0 0.0 48.0 0.0 0.0 48.0 0.0 0
  -150.0 -250.0 0.0 -150.0 -300.0 0.0 -100.0 -300.0 0.0 0.0 48.0 0.0 0.0 48.0 0.0 0
  300.0 -100.0 0.0 300.0 -150.0 0.0 350.0 -150.0 0.0 0.0 48.0 0.0 0.0 48.0 0.0 0
  -350.0 -250.0 0.0 -350.0 -300.0 0.0 -300.0 -300.0 0.0 0.0 48.0 0.0 0.0 48.0 0.0 0
  200.0 -150.0 0.0 200.0 -200.0 0.0 250.0 -200.0 0.0 0.0 48.0 0.0 0.0 48.0 0.0 0
  -200.0 -250.0 0.0 -200.0 -300.0 0.0 -150.0 -300.0 0.0 0.0 48.0 0.0 0.0 48.0 0.0 0
  0.0 -300.0 0.0 0.0 -250.0 0.0 -50.0 -250.0 0.0 48.0 0.0 48.0 48.0 0.0 48.0 0
  -300.0 -250.0 0.0 -300.0 -300.0 0.0 -250.0 -300.0 0.0 0.0 48.0 0.0 0.0 48.0 0.0 0
  -250.0 -250.0 0.0 -250.0 -300.0 0.0 -200.0 -300.0 0.0 0.0 48.0 0.0 0.0 48.0 0.0 0
  350.0 -150.0 0.0 350.0 -100.0 0.0 300.0 -100.0 0.0 48.0 0.0 48.0 48.0 0.0 48.0 0
  150.0 -250.0 0.0 150.0 -200.0 0.0 100.0 -200.0 0.0 48.0 0.0 48.0 48.0 0.0 48.0 0
  50.0 -200.0 0.0 50.0 -250.0 0.0 100.0 -250.0 0.0 0.0 48.0 0.0 0.0 48.0 0.0 0
  250.0 -200.0 0.0 250.0 -150.0 0.0 200.0 -150.0 0.0 48.0 0.0 48.0 48.0 0.0 48.0 0
  -50.0 -300.0 0.0 -50.0 -250.0 0.0 -100.0 -250.0 0.0 48.0 0.0 48.0 48.0 0.0 48.0 0
  350.0 -50.0 0.0 350.0 -100.0 0.0 400.0 -100.0 0.0 0.0 48.0 0.0 0.0 48.0 0.0 0
  400.0 -100.0 0.0 400.0 -50.0 0.0 350.0 -50.0 0.0 48.0 0.0 48.0 48.0 0.0 48.0 0
  -100.0 -300.0 0.0 -100.0 -250.0 0.0 -150.0 -250.0 0.0 48.0 0.0 48.0 48.0 0.0 48.0 0
  150.0 -150.0 0.0 150.0 -200.0 0.0 200.0 -200.0 0.0 0.0 48.0 0.0 0.0 48.0 0.0 0
  0.0 -200.0 0.0 0.0 -250.0 0.0 50.0 -250.0 0.0 0.0 48.0 0.0 0.0 48.0 0.0 0
  250.0 -100.0 0.0 250.0 -150.0 0.0 300.0 -150.0 0.0 0.0 48.0 0.0 0.0 48.0 0.0 0
  100.0 -250.0 0.0 100.0 -200.0 0.0 50.0 -200.0 0.0 48.0 0.0 48.0 48.0 0.0 48.0 0
  400.0 0.0 0.0 400.0 -50.0 0.0 450.0 -50.0 0.0 0.0 48.0 0.0 0.0 48.0 0.0 0
  -150.0 -300.0 0.0 -150.0 -250.0 0.0 -200.0 -250.0 0.0 48.0 0.0 48.0 48.0 0.0 48.0 0
  -300.0 -300.0 0.0 -300.0 -250.0 0.0 -350.0 -250.0 0.0 48.0 0.0 48.0 48.0 0.0 48.0 0
  -200.0 -300.0 0.0 -200.0 -250.0 0.0 -250.0 -250.0 0.0 48.0 0.0 48.0 48.0 0.0 48.0 0
  450.0 -50.0 0.0 450.0 0.0 0.0 400.0 0.0 0.0 48.0 0.0 48.0 48.0 0.0 48.0 0
  -250.0 -300.0 0.0 -250.0 -250.0 0.0 -300.0 -250.0 0.0 48.0 0.0 48.0 48.0 0.0 48.0 0
  -50.0 -200.0 0.0 -50.0 -250.0 0.0 0.0 -250.0 0.0 0.0 48.0 0.0 0.0 48.0 0.0 0
  300.0 -150.0 0.0 300.0 -100.0 0.0 250.0 -100.0 0.0 48.0 0.0 48.0 48.0 0.0 48.0 0
  200.0 -200.0 0.0 200.0 -150.0 0.0 150.0 -150.0 0.0 48.0 0.0 48.0 48.0 0.0 48.0 0
  50.0 -250.0 0.0 50.0 -200.0 0.0 0.0 -200.0 0.0 48.0 0.0 48.0 48.0 0.0 48.0 0
  100.0 -150.0 0.0 100.0 -200.0 0.0 150.0 -200.0 0.0 0.0 48.0 0.0 0.0 48.0 0.0 0
  -100.0 -200.0 0.0 -100.0 -250.0 0.0 -50.0 -250.0 0.0 0.0 48.0 0.0 0.0 48.0 0.0 0
  300.0 -50.0 0.0 300.0 -100.0 0.0 350.0 -100.0 0.0 0.0 48.0 0.0 0.0 48.0 0.0 0
  200.0 -100.0 0.0 200.0 -150.0 0.0 250.0 -150.0 0.0 0.0 48.0 0.0 0.0 48.0 0.0 0
  -150.0 -200.0 0.0 -150.0 -250.0 0.0 -100.0 -250.0 0.0 0.0 48.0 0.0 0.0 48.0 0.0 0
  350.0 -100.0 0.0 350.0 -50.0 0.0 300.0 -50.0 0.0 48.0 0.0 48.0 48.0 0.0 48.0 0
  -350.0 -200.0 0.0 -350.0 -250.0 0.0 -300.0 -250.0 0.0 0.0 48.0 0.0 0.0 48.0 0.0 0
  0.0 -250.0 0.0 0.0 -200.0 0.0 -50.0 -200.0 0.0 48.0 0.0 48.0 48.0 0.0 48.0 0
  -200.0 -200.0 0.0 -200.0 -250.0 0.0 -150.0 -250.0 0.0 0.0 48.0 0.0 0.0 48.0 0.0 0
  -250.0 -200.0 0.0 -250.0 -250.0 0.0 -200.0 -250.0 0.0 0.0 48.0 0.0 0.0 48.0 0.0 0
  -300.0 -200.0 0.0 -300.0 -250.0 0.0 -250.0 -250.0 0.0 0.0 48.0 0.0 0.0 48.0 0.0 0
  150.0 -200.0 0.0 150.0 -150.0 0.0 100.0 -150.0 0.0 48.0 0.0 48.0 48.0 0.0 48.0 0
  350.0 0.0 0.0 350.0 -50.0 0.0 400.0 -50.0 0.0 0.0 48.0 0.0 0.0 48.0 0.0 0
  50.0 -150.0 0.0 50.0 -200.0 0.0 100.0 -200.0 0.0 0.0 48.0 0.0 0.0 48.0 0.0 0
  250.0 -150.0 0.0 250.0 -100.0 0.0 200.0 -100.0 0.0 48.0 0.0 48.0 48.0 0.0 48.0 0
  400.0 -50.0 0.0 400.0 0.0 0.0 350.0 0.0 0.0 48.0 0.0 48.0 48.0 0.0 48.0 0
  -50.0 -250.0 0.0 -50.0 -200.0 0.0 -100.0 -200.0 0.0 48.0 0.0 48.0 48.0 0.0 48.0 0
  400.0 50.0 0.0 400.0 0.0 0.0 450.0 0.0 0.0 0.0 48.0 0.0 0.0 48.0 0.0 0
  450.0 0.0 0.0 450.0 50.0 0.0 400.0 50.0 0.0 48.0 0.0 48.0 48.0 0.0 48.0 0
  250.0 -50.0 0.0 250.0 -100.0 0.0 300.0 -100.0 0.0 0.0 48.0 0.0 0.0 48.0 0.0 0
  150.0 -100.0 0.0 150.0 -150.0 0.0 200.0 -150.0 0.0 0.0 48.0 0.0 0.0 48.0 0.0 0
  -100.0 -250.0 0.0 -100.0 -200.0 0.0 -150.0 -200.0 0.0 48.0 0.0 48.0 48.0 0.0 48.0 0
  0.0 -150.0 0.0 0.0 -200.0 0.0 50.0 -200.0 0.0 0.0 48.0 0.0 0.0 48.0 0.0 0
  100.0 -200.0 0.0 100.0 -150.0 0.0 50.0 -150.0 0.0 48.0 0.0 48.0 48.0 0.0 48.0 0
  -350.0 -250.0 0.0 -350.0 -200.0 0.0 -400.0 -200.0 0.0 48.0 0.0 48.0 48.0 0.0 48.0 0
  -150.0 -250.0 0.0 -150.0 -200.0 0.0 -200.0 -200.0 0.0 48.0 0.0 48.0 48.0 0.0 48.0 0
  300.0 -100.0 0.0 300.0 -50.0 0.0 250.0 -50.0 0.0 48.0 0.0 48.0 48.0 0.0 48.0 0
  -300.0 -250.0 0.0 -300.0 -200.0 0.0 -350.0 -200.0 0.0 48.0 0.0 48.0 48.0 0.0 48.0 0
  -200.0 -250.0 0.0 -200.0 -200.0 0.0 -250.0 -200.0 0.0 48.0 0.0 48.0 48.0 0.0 48.0 0
  -250.0 -250.0 0.0 -250.0 -200.0 0.0 -300.0 -200.0 0.0 48.0 0.0 48.0 48.0 0.0 48.0 0
  200.0 -150.0 0.0 200.0 -100.0 0.0 150.0 -100.0 0.0 48.0 0.0 48.0 48.0 0.0 48.0 0
  -50.0 -150.0 0.0 -50.0 -200.0 0.0 0.0 -200.0 0.0 0.0 48.0 0.0 0.0 48.0 0.0 0
  300.0 0.0 0.0 300.0 -50.0 0.0 350.0 -50.0 0.0 0.0 48.0 0.0 0.0 48.0 0.0 0
  100.0 -100.0 0.0 100.0 -150.0 0.0 150.0 -150.0 0.0 0.0 48.0 0.0 0.0 48.0 0.0 0
  50.0 -200.0 0.0 50.0 -150.0 0.0 0.0 -150.0 0.0 48.0 0.0 48.0 48.0 0.0 48.0 0
  350.0 -50.0 0.0 350.0 0.0 0.0 300.0 0.0 0.0 48.0 0.0 48.0 48.0 0.0 48.0 0
  -100.0 -150.0 0.0 -100.0 -200.0 0.0 -50.0 -200.0 0.0 0.0 48.0 0.0 0.0 48.0 0.0 0
  200.0 -50.0 0.0 200.0 -100.0 0.0 250.0 -100.0 0.0 0.0 48.0 0.0 0.0 48.0 0.0 0
  -400.0 -150.0 0.0 -400.0 -200.0 0.0 -350.0 -200.0 0.0 0.0 48.0 0.0 0.0 48.0 0.0 0
  350.0 50.0 0.0 350.0 0.0 0.0 400.0 0.0 0.0 0.0 48.0 0.0 0.0 48.0 0.0 0
  -150.0 -150.0 0.0 -150.0 -200.0 0.0 -100.0 -200.0 0.0 0.0 48.0 0.0 0.0 48.0 0.0 0
  400.0 0.0 0.0 400.0 50.0 0.0 350.0 50.0 0.0 48.0 0.0 48.0 48.0 0.0 48.0 0
  0.0 -200.0 0.0 0.0 -150.0 0.0 -50.0 -150.0 0.0 48.0 0.0 48.0 48.0 0.0 48.0 0
  -350.0 -150.0 0.0 -350.0 -200.0 0.0 -300.0 -200.0 0.0 0.0 48.0 0.0 0.0 48.0 0.0 0
  150.0 -150.0 0.0 150.0 -100.0 0.0 100.0 -100.0 0.0 48.0 0.0 48.0 48.0 0.0 48.0 0
  400.0 100.0 0.0 400.0 50.0 0.0 450.0 50.0 0.0 0.0 48.0 0.0 0.0 48.0 0.0 0
  250.0 -100.0 0.0 250.0 -50.0 0.0 200.0 -50.0 0.0 48.0 0.0 48.0 48.0 0.0 48.0 0
  -200.0 -150.0 0.0 -200.0 -200.0 0.0 -150.0 -200.0 0.0 0.0 48.0 0.0 0.0 48.0 0.0 0
  50.0 -100.0 0.0 50.0 -150.0 0.0 100.0 -150.0 0.0 0.0 48.0 0.0 0.0 48.0 0.0 0
  -250.0 -150.0 0.0 -250.0 -200.0 0.0 -200.0 -200.0 0.0 0.0 48.0 0.0 0.0 48.0 0.0 0
  -300.0 -150.0 0.0 -300.0 -200.0 0.0 -250.0 -200.0 0.0 0.0 48.0 0.0 0.0 48.0 0.0 0
  250.0 0.0 0.0 250.0 -50.0 0.0 300.0 -50.0 0.0 0.0 48.0 0.0 0.0 48.0 0.0 0
  -50.0 -200.0 0.0 -50.0 -150.0 0.0 -100.0 -150.0 0.0 48.0 0.0 48.0 48.0 0.0 48.0 0
  150.0 -50.0 0.0 150.0 -100.0 0.0 200.0 -100.0 0.0 0.0 48.0 0.0 0.0 48.0 0.0 0
  300.0 -50.0 0.0 300.0 0.0 0.0 250.0 0.0 0.0 48.0 0.0 48.0 48.0 0.0 48.0 0
  0.0 -100.0 0.0 0.0 -150.0 0.0 50.0 -150.0 0.0 0.0 48.0 0.0 0.0 48.0 0.0 0
  100.0 -150.0 0.0 100.0 -100.0 0.0 50.0 -100.0 0.0 48.0 0.0 48.0 48.0 0.0 48.0 0
  -100.0 -200.0 0.0 -100.0 -150.0 0.0 -150.0 -150.0 0.0 48.0 0.0 48.0 48.0 0.0 48.0 0
  -350.0 -200.0 0.0 -350.0 -150.0 0.0 -400.0 -150.0 0.0 48.0 0.0 48.0 48.0 0.0 48.0 0
  300.0 50.0 0.0 300.0 0.0 0.0 350.0 0.0 0.0 0.0 48.0 0.0 0.0 48.0 0.0 0
  200.0 -100.0 0.0 200.0 -50.0 0.0 150.0 -50.0 0.0 48.0 0.0 48.0 48.0 0.0 48.0 0
  -150.0 -200.0 0.0 -150.0 -150.0 0.0 -200.0 -150.0 0.0 48.0 0.0 48.0 48.0 0.0 48.0 0
  -300.0 -200.0 0.0 -300.0 -150.0 0.0 -350.0 -150.0 0.0 48.0 0.0 48.0 48.0 0.0 48.0 0
  -200.0 -200.0 0.0 -200.0 -150.0 0.0 -250.0 -150.0 0.0 48.0 0.0 48.0 48.0 0.0 48.0 0
  -250.0 -200.0 0.0 -250.0 -150.0 0.0 -300.0 -150.0 0.0 48.0 0.0 48.0 48.0 0.0 48.0 0
  350.0 0.0 0.0 350.0 50.0 0.0 300.0 50.0 0.0 48.0 0.0 48.0 48.0 0.0 48.0 0
  -50.0 -100.0 0.0 -50.0 -150.0 0.0 0.0 -150.0 0.0 0.0 48.0 0.0 0.0 48.0 0.0 0
  100.0 -50.0 0.0 100.0 -100.0 0.0 150.0 -100.0 0.0 1200.0 48.0 1200.0 0.0 1248.0 0.0 25
  350.0 100.0 0.0 350.0 50.0 0.0 400.0 50.0 0.0 0.0 48.0 0.0 0.0 48.0 0.0 0
  200.0 0.0 0.0 200.0 -50.0 0.0 250.0 -50.0 0.0 0.0 48.0 0.0 0.0 48.0 0.0 0
  50.0 -150.0 0.0 50.0 -100.0 0.0 0.0 -100.0 0.0 48.0 0.0 48.0 48.0 0.0 48.0 0
  400.0 50.0 0.0 400.0 100.0 0.0 350.0 100.0 0.0 48.0 0.0 48.0 48.0 0.0 48.0 0
  -100.0 -100.0 0.0 -100.0 -150.0 0.0 -50.0 -150.0 0.0 0.0 48.0 0.0 0.0 48.0 0.0 0
  -400.0 -100.0 0.0 -400.0 -150.0 0.0 -350.0 -150.0 0.0 0.0 48.0 0.0 0.0 48.0 0.0 0
  250.0 -50.0 0.0 250.0 0.0 0.0 200.0 0.0 0.0 48.0 0.0 48.0 48.0 0.0 48.0 0
  150.0 -100.0 0.0 150.0 -50.0 0.0 100.0 -50.0 0.0 1248.0 0.0 1248.0 48.0 1200.0 48.0 25
  -150.0 -100.0 0.0 -150.0 -150.0 0.0 -100.0 -150.0 0.0 0.0 48.0 0.0 0.0 48.0 0.0 0
  0.0 -150.0 0.0 0.0 -100.0 0.0 -50.0 -100.0 0.0 48.0 0.0 48.0 48.0 0.0 48.0 0
  -350.0 -100.0 0.0 -350.0 -150.0 0.0 -300.0 -150.0 0.0 0.0 48.0 0.0 0.0 48.0 0.0 0
  50.0 -50.0 -10.0 50.0 -100.0 0.0 100.0 -100.0 0.0 0.0 48.0 0.0 0.0 48.0 0.0 0
  -200.0 -100.0 0.0 -200.0 -150.0 0.0 -150.0 -150.0 0.0 0.0 48.0 0.0 0.0 48.0 0.0 0
  250.0 50.0 0.0 250.0 0.0 0.0 300.0 0.0 0.0 0.0 48.0 0.0 0.0 48.0 0.0 0
  -300.0 -100.0 0.0 -300.0 -150.0 0.0 -250.0 -150.0 0.0 0.0 48.0 0.0 0.0 48.0 0.0 0
  -250.0 -100.0 0.0 -250.0 -150.0 0.0 -200.0 -150.0 0.0 0.0 48.0 0.0 0.0 48.0 0.0 0
  150.0 0.0 0.0 150.0 -50.0 0.0 200.0 -50.0 0.0 0.0 48.0 0.0 0.0 48.0 0.0 0
  300.0 0.0 0.0 300.0 50.0 0.0 250.0 50.0 0.0 48.0 0.0 48.0 48.0 0.0 48.0 0
  -50.0 -150.0 0.0 -50.0 -100.0 0.0 -100.0 -100.0 0.0 48.0 0.0 48.0 48.0 0.0 48.0 0
  100.0 -100.0 0.0 100.0 -50.0 0.0 50.0 -50.0 -10.0 1248.0 0.0 1248.0 48.0 1200.0 48.0 25
  300.0 100.0 0.0 300.0 50.0 0.0 350.0 50.0 0.0 0.0 48.0 0.0 0.0 48.0 0.0 0
  0.0 -50.0 0.0 0.0 -100.0 0.0 50.0 -100.0 0.0 0.0 48.0 0.0 0.0 48.0 0.0 0
  -100.0 -150.0 0.0 -100.0 -100.0 0.0 -150.0 -100.0 0.0 48.0 0.0 48.0 48.0 0.0 48.0 0
  200.0 -50.0 0.0 200.0 0.0 0.0 150.0 0.0 0.0 48.0 0.0 48.0 48.0 0.0 48.0 0
  350.0 50.0 0.0 350.0 100.0 0.0 300.0 100.0 0.0 48.0 0.0 48.0 48.0 0.0 48.0 0
  350.0 150.0 0.0 350.0 100.0 0.0 400.0 100.0 0.0 0.0 48.0 0.0 0.0 48.0 0.0 0
  -350.0 -150.0 0.0 -350.0 -100.0 0.0 -400.0 -100.0 0.0 48.0 0.0 48.0 48.0 0.0 48.0 0
  100.0 0.0 -50.0 100.0 -50.0 0.0 150.0 -50.0 0.0 1200.0 48.0 1200.0 0.0 1248.0 0.0 25
  400.0 100.0 0.0 400.0 150.0 0.0 350.0 150.0 0.0 1248.0 0.0 1248.0 48.0 1200.0 48.0 25
  -150.0 -150.0 0.0 -150.0 -100.0 0.0 -200.0 -100.0 0.0 48.0 0.0 48.0 48.0 0.0 48.0 0
  -300.0 -150.0 0.0 -300.0 -100.0 0.0 -350.0 -100.0 0.0 48.0 0.0 48.0 48.0 0.0 48.0 0
  -200.0 -150.0 0.0 -200.0 -100.0 0.0 -250.0 -100.0 0.0 48.0 0.0 48.0 48.0 0.0 48.0 0
  200.0 50.0 0.0 200.0 0.0 0.0 250.0 0.0 0.0 0.0 48.0 0.0 0.0 48.0 0.0 0
  -50.0 -50.0 0.0 -50.0 -100.0 0.0 0.0 -100.0 0.0 0.0 48.0 0.0 0.0 48.0 0.0 0
  -250.0 -150.0 0.0 -250.0 -100.0 0.0 -300.0 -100.0 0.0 48.0 0.0 48.0 48.0 0.0 48.0 0
  50.0 -100.0 0.0 50.0 -50.0 -10.0 0.0 -50.0 0.0 48.0 0.0 48.0 48.0 0.0 48.0 0
  150.0 -50.0 0.0 150.0 0.0 0.0 100.0 0.0 -50.0 1248.0 0.0 1248.0 48.0 1200.0 48.0 25
  50.0 0.0 -60.0 50.0 -50.0 -10.0 100.0 -50.0 0.0 1200.0 48.0 1200.0 0.0 1248.0 0.0 25
  250.0 0.0 0.0 250.0 50.0 0.0 200.0 50.0 0.0 48.0 0.0 48.0 48.0 0.0 48.0 0
  100.0 -50.0 0.0 100.0 0.0 -50.0 50.0 0.0 -60.0 1248.0 0.0 1248.0 48.0 1200.0 48.0 25
  -100.0 -50.0 0.0 -100.0 -100.0 0.0 -50.0 -100.0 0.0 0.0 48.0 0.0 0.0 48.0 0.0 0
  -400.0 -50.0 0.0 -400.0 -100.0 0.0 -350.0 -100.0 0.0 0.0 48.0 0.0 0.0 48.0 0.0 0
  250.0 100.0 0.0 250.0 50.0 0.0 300.0 50.0 0.0 0.0 48.0 0.0 0.0 48.0 0.0 0
  0.0 -100.0 0.0 0.0 -50.0 0.0 -50.0 -50.0 0.0 48.0 0.0 48.0 48.0 0.0 48.0 0
  -150.0 -50.0 0.0 -150.0 -100.0 0.0 -100.0 -100.0 0.0 0.0 48.0 0.0 0.0 48.0 0.0 0
  -350.0 -50.0 0.0 -350.0 -100.0 0.0 -300.0 -100.0 0.0 0.0 48.0 0.0 0.0 48.0 0.0 0
  300.0 50.0 0.0 300.0 100.0 0.0 250.0 100.0 0.0 48.0 0.0 48.0 48.0 0.0 48.0 0
  -200.0 -50.0 0.0 -200.0 -100.0 0.0 -150.0 -100.0 0.0 0.0 48.0 0.0 0.0 48.0 0.0 0
  -300.0 -50.0 0.0 -300.0 -100.0 0.0 -250.0 -100.0 0.0 0.0 48.0 0.0 0.0 48.0 0.0 0
  -250.0 -50.0 0.0 -250.0 -100.0 0.0 -200.0 -100.0 0.0 0.0 48.0 0.0 0.0 48.0 0.0 0
  150.0 50.0 10.0 150.0 0.0 0.0 200.0 0.0 0.0 0.0 48.0 0.0 0.0 48.0 0.0 0
  100.0 50.0 -30.0 100.0 0.0 -50.0 150.0 0.0 0.0 1200.0 48.0 1200.0 0.0 1248.0 0.0 25
  300.0 150.0 0.0 300.0 100.0 0.0 350.0 100.0 0.0 0.0 48.0 0.0 0.0 48.0 0.0 0
  350.0 100.0 0.0 350.0 150.0 0.0 300.0 150.0 0.0 48.0 0.0 48.0 48.0 0.0 48.0 0
  350.0 200.0 0.0 350.0 150.0 0.0 400.0 150.0 0.0 0.0 48.0 0.0 0.0 48.0 0.0 0
  400.0 150.0 0.0 400.0 200.0 0.0 350.0 200.0 0.0 48.0 0.0 48.0 48.0 0.0 48.0 0
  -50.0 -100.0 0.0 -50.0 -50.0 0.0 -100.0 -50.0 0.0 48.0 0.0 48.0 48.0 0.0 48.0 0
  50.0 -50.0 -10.0 50.0 0.0 -60.0 0.0 0.0 0.0 1248.0 0.0 1248.0 48.0 1200.0 48.0 25
  -400.0 -100.0 0.0 -400.0 -50.0 0.0 -450.0 -50.0 0.0 48.0 0.0 48.0 48.0 0.0 48.0 0
  0.0 0.0 0.0 0.0 -50.0 0.0 50.0 -50.0 -10.0 0.0 48.0 0.0 0.0 48.0 0.0 0
  50.0 50.0 -20.0 50.0 0.0 -60.0 100.0 0.0 -50.0 1200.0 48.0 1200.0 0.0 1248.0 0.0 25
  200.0 0.0 0.0 200.0 50.0 0.0 150.0 50.0 10.0 48.0 0.0 48.0 48.0 0.0 48.0 0
  -100.0 -100.0 0.0 -100.0 -50.0 0.0 -150.0 -50.0 0.0 48.0 0.0 48.0 48.0 0.0 48.0 0
  -350.0 -100.0 0.0 -350.0 -50.0 0.0 -400.0 -50.0 0.0 48.0 0.0 48.0 48.0 0.0 48.0 0
  200.0 100.0 0.0 200.0 50.0 0.0 250.0 50.0 0.0 0.0 48.0 0.0 0.0 48.0 0.0 0
  -150.0 -100.0 0.0 -150.0 -50.0 0.0 -200.0 -50.0 0.0 48.0 0.0 48.0 48.0 0.0 48.0 0
  -300.0 -100.0 0.0 -300.0 -50.0 0.0 -350.0 -50.0 0.0 48.0 0.0 48.0 48.0 0.0 48.0 0
  -50.0 0.0 0.0 -50.0 -50.0 0.0 0.0 -50.0 0.0 0.0 48.0 0.0 0.0 48.0 0.0 0
  -200.0 -100.0 0.0 -200.0 -50.0 0.0 -250.0 -50.0 0.0 48.0 0.0 48.0 48.0 0.0 48.0 0
  -250.0 -100.0 0.0 -250.0 -50.0 0.0 -300.0 -50.0 0.0 48.0 0.0 48.0 48.0 0.0 48.0 0
  250.0 50.0 0.0 250.0 100.0 0.0 200.0 100.0 0.0 48.0 0.0 48.0 48.0 0.0 48.0 0
  -450.0 0.0 0.0 -450.0 -50.0 0.0 -400.0 -50.0 0.0 0.0 48.0 0.0 0.0 48.0 0.0 0
  150.0 0.0 0.0 150.0 50.0 10.0 100.0 50.0 -30.0 1248.0 0.0 1248.0 48.0 1200.0 48.0 25
  250.0 150.0 0.0 250.0 100.0 0.0 300.0 100.0 0.0 0.0 48.0 0.0 0.0 48.0 0.0 0
  100.0 0.0 -50.0 100.0 50.0 -30.0 50.0 50.0 -20.0 1248.0 0.0 1248.0 48.0 1200.0 48.0 25
  -100.0 0.0 0.0 -100.0 -50.0 0.0 -50.0 -50.0 0.0 0.0 48.0 0.0 0.0 48.0 0.0 0
  300.0 100.0 0.0 300.0 150.0 0.0 250.0 150.0 0.0 48.0 0.0 48.0 48.0 0.0 48.0 0
  300.0 200.0 0.0 300.0 150.0 0.0 350.0 150.0 0.0 0.0 48.0 0.0 0.0 48.0 0.0 0
  -400.0 0.0 0.0 -400.0 -50.0 0.0 -350.0 -50.0 0.0 0.0 48.0 0.0 0.0 48.0 0.0 0
  350.0 250.0 0.0 350.0 200.0 0.0 400.0 200.0 0.0 0.0 48.0 0.0 0.0 48.0 0.0 0
  350.0 150.0 0.0 350.0 200.0 0.0 300.0 200.0 0.0 48.0 0.0 48.0 48.0 0.0 48.0 0
  0.0 -50.0 0.0 0.0 0.0 0.0 -50.0 0.0 0.0 48.0 0.0 48.0 48.0 0.0 48.0 0
  -150.0 0.0 0.0 -150.0 -50.0 0.0 -100.0 -50.0 0.0 0.0 48.0 0.0 0.0 48.0 0.0 0
  0.0 50.0 -20.0 0.0 0.0 0.0 50.0 0.0 -60.0 1200.0 48.0 1200.0 0.0 1248.0 0.0 25
  -350.0 0.0 0.0 -350.0 -50.0 0.0 -300.0 -50.0 0.0 0.0 48.0 0.0 0.0 48.0 0.0 0
  150.0 100.0 0.0 150.0 50.0 10.0 200.0 50.0 0.0 0.0 48.0 0.0 0.0 48.0 0.0 0
  -200.0 0.0 0.0 -200.0 -50.0 0.0 -150.0 -50.0 0.0 0.0 48.0 0.0 0.0 48.0 0.0 0
  450.0 500.0 0.0 450.0 450.0 0.0 500.0 450.0 0.0 0.0 48.0 0.0 0.0 48.0 0.0 0
  500.0 450.0 0.0 500.0 500.0 0.0 450.0 500.0 0.0 48.0 0.0 48.0 48.0 0.0 48.0 0
  400.0 500.0 0.0 400.0 450.0 0.0 450.0 450.0 0.0 0.0 48.0 0.0 0.0 48.0 0.0 0
  450.0 450.0 0.0 450.0 500.0 0.0 400.0 500.0 0.0 48.0 0.0 48.0 48.0 0.0 48.0 0
  350.0 500.0 0.0 350.0 450.0 0.0 400.0 450.0 0.0 0.0 48.0 0.0 0.0 48.0 0.0 0
  400.0 450.0 0.0 400.0 500.0 0.0 350.0 500.0 0.0 48.0 0.0 48.0 48.0 0.0 48.0 0
  300.0 500.0 0.0 300.0 450.0 0.0 350.0 450.0 0.0 0.0 48.0 0.0 0.0 48.0 0.0 0
  350.0 450.0 0.0 350.0 500.0 0.0 300.0 500.0 0.0 48.0 0.0 48.0 48.0 0.0 48.0 0
  -500.0 500.0 0.0 -500.0 450.0 0.0 -450.0 450.0 0.0 0.0 48.0 0.0 0.0 48.0 0.0 0
  -450.0 450.0 0.0 -450.0 500.0 0.0 -500.0 500.0 0.0 48.0 0.0 48.0 48.0 0.0 48.0 0
  450.0 450.0 0.0 450.0 400.0 0.0 500.0 400.0 0.0 0.0 48.0 0.0 0.0 48.0 0.0 0
  500.0 400.0 0.0 500.0 450.0 0.0 450.0 450.0 0.0 48.0 0.0 48.0 48.0 0.0 48.0 0
  400.0 450.0 0.0 400.0 400.0 0.0 450.0 400.0 0.0 0.0 48.0 0.0 0.0 48.0 0.0 0
  450.0 400.0 0.0 450.0 450.0 0.0 400.0 450.0 0.0 48.0 0.0 48.0 48.0 0.0 48.0 0
  350.0 450.0 0.0 350.0 400.0 0.0 400.0 400.0 0.0 0.0 48.0 0.0 0.0 48.0 0.0 0
  400.0 400.0 0.0 400.0 450.0 0.0 350.0 450.0 0.0 48.0 0.0 48.0 48.0 0.0 48.0 0
  300.0 450.0 0.0 300.0 400.0 0.0 350.0 400.0 0.0 0.0 48.0 0.0 0.0 48.0 0.0 0
  350.0 400.0 0.0 350.0 450.0 0.0 300.0 450.0 0.0 48.0 0.0 48.0 48.0 0.0 48.0 0
  450.0 400.0 0.0 450.0 350.0 0.0 500.0 350.0 0.0 0.0 48.0 0.0 0.0 48.0 0.0 0
  500.0 350.0 0.0 500.0 400.0 0.0 450.0 400.0 0.0 48.0 0.0 48.0 48.0 0.0 48.0 0
  400.0 400.0 0.0 400.0 350.0 0.0 450.0 350.0 0.0 0.0 48.0 0.0 0.0 48.0 0.0 0
  450.0 350.0 0.0 450.0 400.0 0.0 400.0 400.0 0.0 48.0 0.0 48.0 48.0 0.0 48.0 0
  350.0 400.0 0.0 350.0 350.0 0.0 400.0 350.0 0.0 0.0 48.0 0.0 0.0 48.0 0.0 0
  400.0 350.0 0.0 400.0 400.0 0.0 350.0 400.0 0.0 48.0 0.0 48.0 48.0 0.0 48.0 0
  350.0 350.0 0.0 350.0 400.0 0.0 300.0 400.0 0.0 48.0 0.0 48.0 48.0 0.0 48.0 0
  450.0 350.0 0.0 450.0 300.0 0.0 500.0 300.0 0.0 0.0 48.0 0.0 0.0 48.0 0.0 0
  500.0 300.0 0.0 500.0 350.0 0.0 450.0 350.0 0.0 48.0 0.0 48.0 48.0 0.0 48.0 0
  400.0 350.0 0.0 400.0 300.0 0.0 450.0 300.0 0.0 0.0 48.0 0.0 0.0 48.0 0.0 0
  450.0 300.0 0.0 450.0 350.0 0.0 400.0 350.0 0.0 48.0 0.0 48.0 48.0 0.0 48.0 0
  350.0 350.0 0.0 350.0 300.0 0.0 400.0 300.0 0.0 0.0 48.0 0.0 0.0 48.0 0.0 0
  400.0 300.0 0.0 400.0 350.0 0.0 350.0 350.0 0.0 48.0 0.0 48.0 48.0 0.0 48.0 0
  450.0 300.0 0.0 450.0 250.0 0.0 500.0 250.0 0.0 0.0 48.0 0.0 0.0 48.0 0.0 0
  500.0 250.0 0.0 500.0 300.0 0.0 450.0 300.0 0.0 48.0 0.0 48.0 48.0 0.0 48.0 0
  400.0 300.0 0.0 400.0 250.0 0.0 450.0 250.0 0.0 0.0 48.0 0.0 0.0 48.0 0.0 0
  450.0 250.0 0.0 450.0 300.0 0.0 400.0 300.0 0.0 48.0 0.0 48.0 48.0 0.0 48.0 0
  350.0 300.0 0.0 350.0 250.0 0.0 400.0 250.0 0.0 0.0 48.0 0.0 0.0 48.0 0.0 0
  400.0 250.0 0.0 400.0 300.0 0.0 350.0 300.0 0.0 48.0 0.0 48.0 48.0 0.0 48.0 0
  450.0 250.0 0.0 450.0 200.0 0.0 500.0 200.0 0.0 0.0 48.0 0.0 0.0 48.0 0.0 0
  500.0 200.0 0.0 500.0 250.0 0.0 450.0 250.0 0.0 48.0 0.0 48.0 48.0 0.0 48.0 0
  400.0 250.0 0.0 400.0 200.0 0.0 450.0 200.0 0.0 0.0 48.0 0.0 0.0 48.0 0.0 0
  450.0 200.0 0.0 450.0 250.0 0.0 400.0 250.0 0.0 48.0 0.0 48.0 48.0 0.0 48.0 0
  400.0 200.0 0.0 400.0 250.0 0.0 350.0 250.0 0.0 48.0 0.0 48.0 48.0 0.0 48.0 0
  450.0 200.0 0.0 450.0 150.0 0.0 500.0 150.0 0.0 0.0 48.0 0.0 0.0 48.0 0.0 0
  500.0 150.0 0.0 500.0 200.0 0.0 450.0 200.0 0.0 48.0 0.0 48.0 48.0 0.0 48.0 0
  400.0 200.0 0.0 400.0 150.0 0.0 450.0 150.0 0.0 0.0 48.0 0.0 0.0 48.0 0.0 0
  450.0 150.0 0.0 450.0 200.0 0.0 400.0 200.0 0.0 48.0 0.0 48.0 48.0 0.0 48.0 0
  450.0 100.0 0.0 450.0 50.0 0.0 500.0 50.0 0.0 0.0 48.0 0.0 0.0 48.0 0.0 0
  500.0 -50.0 0.0 500.0 0.0 0.0 450.0 0.0 0.0 48.0 0.0 48.0 48.0 0.0 48.0 0
  -300.0 0.0 0.0 -300.0 -50.0 0.0 -250.0 -50.0 0.0 0.0 48.0 0.0 0.0 48.0 0.0 0
  -450.0 -50.0 0.0 -450.0 -100.0 0.0 -400.0 -100.0 0.0 0.0 48.0 0.0 0.0 48.0 0.0 0
  -450.0 -100.0 0.0 -450.0 -150.0 0.0 -400.0 -150.0 0.0 0.0 48.0 0.0 0.0 48.0 0.0 0
  -400.0 -150.0 0.0 -400.0 -100.0 0.0 -450.0 -100.0 0.0 48.0 0.0 48.0 48.0 0.0 48.0 0
  -450.0 -150.0 0.0 -450.0 -100.0 0.0 -500.0 -100.0 0.0 48.0 0.0 48.0 48.0 0.0 48.0 0
  -450.0 -200.0 0.0 -450.0 -150.0 0.0 -500.0 -150.0 0.0 48.0 0.0 48.0 48.0 0.0 48.0 0
  -400.0 -250.0 0.0 -400.0 -300.0 0.0 -350.0 -300.0 0.0 0.0 48.0 0.0 0.0 48.0 0.0 0
  -350.0 -400.0 0.0 -350.0 -350.0 0.0 -400.0 -350.0 0.0 48.0 0.0 48.0 48.0 0.0 48.0 0
  -350.0 -450.0 0.0 -350.0 -500.0 0.0 -300.0 -500.0 0.0 0.0 48.0 0.0 0.0 48.0 0.0 0
  -400.0 -450.0 0.0 -400.0 -500.0 0.0 -350.0 -500.0 0.0 0.0 48.0 0.0 0.0 48.0 0.0 0
  -350.0 -500.0 0.0 -350.0 -450.0 0.0 -400.0 -450.0 0.0 48.0 0.0 48.0 48.0 0.0 48.0 0
  -450.0 -450.0 0.0 -450.0 -500.0 0.0 -400.0 -500.0 0.0 0.0 48.0 0.0 0.0 48.0 0.0 0
  -400.0 -500.0 0.0 -400.0 -450.0 0.0 -450.0 -450.0 0.0 48.0 0.0 48.0 48.0 0.0 48.0 0
  -500.0 -450.0 0.0 -500.0 -500.0 0.0 -450.0 -500.0 0.0 0.0 48.0 0.0 0.0 48.0 0.0 0
  -450.0 -500.0 0.0 -450.0 -450.0 0.0 -500.0 -450.0 0.0 48.0 0.0 48.0 48.0 0.0 48.0 0
  -250.0 0.0 0.0 -250.0 -50.0 0.0 -200.0 -50.0 0.0 0.0 48.0 0.0 0.0 48.0 0.0 0
  50.0 0.0 -60.0 50.0 50.0 -20.0 0.0 50.0 -20.0 1248.0 0.0 1248.0 48.0 1200.0 48.0 25
  200.0 50.0 0.0 200.0 100.0 0.0 150.0 100.0 0.0 48.0 0.0 48.0 48.0 0.0 48.0 0
  -50.0 -50.0 0.0 -50.0 0.0 0.0 -100.0 0.0 0.0 48.0 0.0 48.0 48.0 0.0 48.0 0
  100.0 100.0 -10.0 100.0 50.0 -30.0 150.0 50.0 10.0 1200.0 48.0 1200.0 0.0 1248.0 0.0 25
  -400.0 -50.0 0.0 -400.0 0.0 0.0 -450.0 0.0 0.0 48.0 0.0 48.0 48.0 0.0 48.0 0
  200.0 150.0 0.0 200.0 100.0 0.0 250.0 100.0 0.0 0.0 48.0 0.0 0.0 48.0 0.0 0
  -100.0 -50.0 0.0 -100.0 0.0 0.0 -150.0 0.0 0.0 48.0 0.0 48.0 48.0 0.0 48.0 0
  250.0 100.0 0.0 250.0 150.0 0.0 200.0 150.0 0.0 48.0 0.0 48.0 48.0 0.0 48.0 0
  -350.0 -50.0 0.0 -350.0 0.0 0.0 -400.0 0.0 0.0 48.0 0.0 48.0 48.0 0.0 48.0 0
  250.0 200.0 0.0 250.0 150.0 0.0 300.0 150.0 0.0 0.0 48.0 0.0 0.0 48.0 0.0 0
  -150.0 -50.0 0.0 -150.0 0.0 0.0 -200.0 0.0 0.0 48.0 0.0 48.0 48.0 0.0 48.0 0
  50.0 100.0 -20.0 50.0 50.0 -20.0 100.0 50.0 -30.0 1200.0 48.0 1200.0 0.0 1248.0 0.0 25
  -50.0 50.0 0.0 -50.0 0.0 0.0 0.0 0.0 0.0 0.0 48.0 0.0 0.0 48.0 0.0 0
  -300.0 -50.0 0.0 -300.0 0.0 0.0 -350.0 0.0 0.0 48.0 0.0 48.0 48.0 0.0 48.0 0
  300.0 150.0 0.0 300.0 200.0 0.0 250.0 200.0 0.0 48.0 0.0 48.0 48.0 0.0 48.0 0
  -200.0 -50.0 0.0 -200.0 0.0 0.0 -250.0 0.0 0.0 48.0 0.0 48.0 48.0 0.0 48.0 0
  -250.0 -50.0 0.0 -250.0 0.0 0.0 -300.0 0.0 0.0 48.0 0.0 48.0 48.0 0.0 48.0 0
  300.0 250.0 0.0 300.0 200.0 0.0 350.0 200.0 0.0 0.0 48.0 0.0 0.0 48.0 0.0 0
  350.0 200.0 0.0 350.0 250.0 0.0 300.0 250.0 0.0 48.0 0.0 48.0 48.0 0.0 48.0 0
  150.0 50.0 10.0 150.0 100.0 0.0 100.0 100.0 -10.0 1248.0 0.0 1248.0 48.0 1200.0 48.0 25
  -450.0 50.0 0.0 -450.0 0.0 0.0 -400.0 0.0 0.0 0.0 48.0 0.0 0.0 48.0 0.0 0
  0.0 0.0 0.0 0.0 50.0 -20.0 -50.0 50.0 0.0 1248.0 0.0 1248.0 48.0 1200.0 48.0 25
  -100.0 50.0 0.0 -100.0 0.0 0.0 -50.0 0.0 0.0 0.0 48.0 0.0 0.0 48.0 0.0 0
  150.0 150.0 0.0 150.0 100.0 0.0 200.0 100.0 0.0 0.0 48.0 0.0 0.0 48.0 0.0 0
  100.0 50.0 -30.0 100.0 100.0 -10.0 50.0 100.0 -20.0 1248.0 0.0 1248.0 48.0 1200.0 48.0 25
  -400.0 50.0 0.0 -400.0 0.0 0.0 -350.0 0.0 0.0 0.0 48.0 0.0 0.0 48.0 0.0 0
  0.0 100.0 -30.0 0.0 50.0 -20.0 50.0 50.0 -20.0 1200.0 48.0 1200.0 0.0 1248.0 0.0 25
  -150.0 50.0 0.0 -150.0 0.0 0.0 -100.0 0.0 0.0 0.0 48.0 0.0 0.0 48.0 0.0 0
  200.0 100.0 0.0 200.0 150.0 0.0 150.0 150.0 0.0 48.0 0.0 48.0 48.0 0.0 48.0 0
  -350.0 50.0 0.0 -350.0 0.0 0.0 -300.0 0.0 0.0 0.0 48.0 0.0 0.0 48.0 0.0 0
  -200.0 50.0 0.0 -200.0 0.0 0.0 -150.0 0.0 0.0 0.0 48.0 0.0 0.0 48.0 0.0 0
  -300.0 50.0 0.0 -300.0 0.0 0.0 -250.0 0.0 0.0 0.0 48.0 0.0 0.0 48.0 0.0 0
  -250.0 50.0 0.0 -250.0 0.0 0.0 -200.0 0.0 0.0 0.0 48.0 0.0 0.0 48.0 0.0 0
  200.0 200.0 0.0 200.0 150.0 0.0 250.0 150.0 0.0 0.0 48.0 0.0 0.0 48.0 0.0 0
  -50.0 0.0 0.0 -50.0 50.0 0.0 -100.0 50.0 0.0 48.0 0.0 48.0 48.0 0.0 48.0 0
  50.0 50.0 -20.0 50.0 100.0 -20.0 0.0 100.0 -30.0 1248.0 0.0 1248.0 48.0 1200.0 48.0 25
  250.0 150.0 0.0 250.0 200.0 0.0 200.0 200.0 0.0 48.0 0.0 48.0 48.0 0.0 48.0 0
  100.0 150.0 0.0 100.0 100.0 -10.0 150.0 100.0 0.0 1200.0 48.0 1200.0 0.0 1248.0 0.0 25
  -400.0 0.0 0.0 -400.0 50.0 0.0 -450.0 50.0 0.0 48.0 0.0 48.0 48.0 0.0 48.0 0
  250.0 250.0 0.0 250.0 200.0 0.0 300.0 200.0 0.0 0.0 48.0 0.0 0.0 48.0 0.0 0
  350.0 250.0 0.0 350.0 300.0 0.0 300.0 300.0 0.0 48.0 0.0 48.0 48.0 0.0 48.0 0
  300.0 300.0 0.0 300.0 250.0 0.0 350.0 250.0 0.0 0.0 48.0 0.0 0.0 48.0 0.0 0
  300.0 200.0 0.0 300.0 250.0 0.0 250.0 250.0 0.0 48.0 0.0 48.0 48.0 0.0 48.0 0
  -100.0 0.0 0.0 -100.0 50.0 0.0 -150.0 50.0 0.0 48.0 0.0 48.0 48.0 0.0 48.0 0
  -350.0 0.0 0.0 -350.0 50.0 0.0 -400.0 50.0 0.0 48.0 0.0 48.0 48.0 0.0 48.0 0
  -50.0 100.0 0.0 -50.0 50.0 0.0 0.0 50.0 -20.0 1200.0 48.0 1200.0 0.0 1248.0 0.0 25
  -150.0 0.0 0.0 -150.0 50.0 0.0 -200.0 50.0 0.0 48.0 0.0 48.0 48.0 0.0 48.0 0
  150.0 100.0 0.0 150.0 150.0 0.0 100.0 150.0 0.0 48.0 0.0 48.0 48.0 0.0 48.0 0
  -300.0 0.0 0.0 -300.0 50.0 0.0 -350.0 50.0 0.0 48.0 0.0 48.0 48.0 0.0 48.0 0
  0.0 50.0 -20.0 0.0 100.0 -30.0 -50.0 100.0 0.0 1248.0 0.0 1248.0 48.0 1200.0 48.0 25
  50.0 150.0 0.0 50.0 100.0 -20.0 100.0 100.0 -10.0 1200.0 48.0 1200.0 0.0 1248.0 0.0 25
  -200.0 0.0 0.0 -200.0 50.0 0.0 -250.0 50.0 0.0 48.0 0.0 48.0 48.0 0.0 48.0 0
  -250.0 0.0 0.0 -250.0 50.0 0.0 -300.0 50.0 0.0 48.0 0.0 48.0 48.0 0.0 48.0 0
  -450.0 100.0 0.0 -450.0 50.0 0.0 -400.0 50.0 0.0 0.0 48.0 0.0 0.0 48.0 0.0 0
  150.0 200.0 0.0 150.0 150.0 0.0 200.0 150.0 0.0 0.0 48.0 0.0 0.0 48.0 0.0 0
  -100.0 100.0 0.0 -100.0 50.0 0.0 -50.0 50.0 0.0 0.0 48.0 0.0 0.0 48.0 0.0 0
  200.0 150.0 0.0 200.0 200.0 0.0 150.0 200.0 0.0 48.0 0.0 48.0 48.0 0.0 48.0 0
  0.0 150.0 0.0 0.0 100.0 -30.0 50.0 100.0 -20.0 1200.0 48.0 1200.0 0.0 1248.0 0.0 25
  -400.0 100.0 0.0 -400.0 50.0 0.0 -350.0 50.0 0.0 0.0 48.0 0.0 0.0 48.0 0.0 0
  200.0 250.0 0.0 200.0 200.0 0.0 250.0 200.0 0.0 0.0 48.0 0.0 0.0 48.0 0.0 0
  -150.0 100.0 0.0 -150.0 50.0 0.0 -100.0 50.0 0.0 0.0 48.0 0.0 0.0 48.0 0.0 0
  350.0 300.0 0.0 350.0 350.0 0.0 300.0 350.0 0.0 48.0 0.0 48.0 48.0 0.0 48.0 0
  100.0 100.0 -10.0 100.0 150.0 0.0 50.0 150.0 0.0 1248.0 0.0 1248.0 48.0 1200.0 48.0 25
  300.0 350.0 0.0 300.0 300.0 0.0 350.0 300.0 0.0 0.0 48.0 0.0 0.0 48.0 0.0 0
  250.0 200.0 0.0 250.0 250.0 0.0 200.0 250.0 0.0 48.0 0.0 48.0 48.0 0.0 48.0 0
  -350.0 100.0 0.0 -350.0 50.0 0.0 -300.0 50.0 0.0 0.0 48.0 0.0 0.0 48.0 0.0 0
  250.0 300.0 0.0 250.0 250.0 0.0 300.0 250.0 0.0 0.0 48.0 0.0 0.0 48.0 0.0 0
  300.0 250.0 0.0 300.0 300.0 0.0 250.0 300.0 0.0 48.0 0.0 48.0 48.0 0.0 48.0 0
  -200.0 100.0 0.0 -200.0 50.0 0.0 -150.0 50.0 0.0 0.0 48.0 0.0 0.0 48.0 0.0 0
  -300.0 100.0 0.0 -300.0 50.0 0.0 -250.0 50.0 0.0 0.0 48.0 0.0 0.0 48.0 0.0 0
  -250.0 100.0 0.0 -250.0 50.0 0.0 -200.0 50.0 0.0 0.0 48.0 0.0 0.0 48.0 0.0 0
  -50.0 50.0 0.0 -50.0 100.0 0.0 -100.0 100.0 0.0 48.0 0.0 48.0 48.0 0.0 48.0 0
  100.0 200.0 0.0 100.0 150.0 0.0 150.0 150.0 0.0 0.0 48.0 0.0 0.0 48.0 0.0 0
  -400.0 50.0 0.0 -400.0 100.0 0.0 -450.0 100.0 0.0 48.0 0.0 48.0 48.0 0.0 48.0 0
  50.0 100.0 -20.0 50.0 150.0 0.0 0.0 150.0 0.0 1248.0 0.0 1248.0 48.0 1200.0 48.0 25
  -100.0 50.0 0.0 -100.0 100.0 0.0 -150.0 100.0 0.0 48.0 0.0 48.0 48.0 0.0 48.0 0
  -50.0 150.0 0.0 -50.0 100.0 0.0 0.0 100.0 -30.0 1200.0 48.0 1200.0 0.0 1248.0 0.0 25
  150.0 150.0 0.0 150.0 200.0 0.0 100.0 200.0 0.0 48.0 0.0 48.0 48.0 0.0 48.0 0
  -350.0 50.0 0.0 -350.0 100.0 0.0 -400.0 100.0 0.0 48.0 0.0 48.0 48.0 0.0 48.0 0
  -150.0 50.0 0.0 -150.0 100.0 0.0 -200.0 100.0 0.0 48.0 0.0 48.0 48.0 0.0 48.0 0
  150.0 250.0 0.0 150.0 200.0 0.0 200.0 200.0 0.0 0.0 48.0 0.0 0.0 48.0 0.0 0
  -300.0 50.0 0.0 -300.0 100.0 0.0 -350.0 100.0 0.0 48.0 0.0 48.0 48.0 0.0 48.0 0
  -200.0 50.0 0.0 -200.0 100.0 0.0 -250.0 100.0 0.0 48.0 0.0 48.0 48.0 0.0 48.0 0
  -450.0 150.0 0.0 -450.0 100.0 0.0 -400.0 100.0 0.0 0.0 48.0 0.0 0.0 48.0 0.0 0
  -250.0 50.0 0.0 -250.0 100.0 0.0 -300.0 100.0 0.0 48.0 0.0 48.0 48.0 0.0 48.0 0
  200.0 200.0 0.0 200.0 250.0 0.0 150.0 250.0 0.0 48.0 0.0 48.0 48.0 0.0 48.0 0
  300.0 400.0 0.0 300.0 350.0 0.0 350.0 350.0 0.0 0.0 48.0 0.0 0.0 48.0 0.0 0
  50.0 200.0 0.0 50.0 150.0 0.0 100.0 150.0 0.0 0.0 48.0 0.0 0.0 48.0 0.0 0
  0.0 100.0 -30.0 0.0 150.0 0.0 -50.0 150.0 0.0 48.0 0.0 48.0 48.0 0.0 48.0 0
  200.0 300.0 0.0 200.0 250.0 0.0 250.0 250.0 0.0 0.0 48.0 0.0 0.0 48.0 0.0 0
  300.0 300.0 0.0 300.0 350.0 0.0 250.0 350.0 0.0 48.0 0.0 48.0 48.0 0.0 48.0 0
  -100.0 150.0 0.0 -100.0 100.0 0.0 -50.0 100.0 0.0 0.0 48.0 0.0 0.0 48.0 0.0 0
  250.0 350.0 0.0 250.0 300.0 0.0 300.0 300.0 0.0 0.0 48.0 0.0 0.0 48.0 0.0 0
  250.0 250.0 0.0 250.0 300.0 0.0 200.0 300.0 0.0 48.0 0.0 48.0 48.0 0.0 48.0 0
  -400.0 150.0 0.0 -400.0 100.0 0.0 -350.0 100.0 0.0 0.0 48.0 0.0 0.0 48.0 0.0 0
  100.0 150.0 0.0 100.0 200.0 0.0 50.0 200.0 0.0 48.0 0.0 48.0 48.0 0.0 48.0 0
  -150.0 150.0 0.0 -150.0 100.0 0.0 -100.0 100.0 0.0 0.0 48.0 0.0 0.0 48.0 0.0 0
  -450.0 100.0 0.0 -450.0 150.0 0.0 -500.0 150.0 0.0 48.0 0.0 48.0 48.0 0.0 48.0 0
  -350.0 150.0 0.0 -350.0 100.0 0.0 -300.0 100.0 0.0 0.0 48.0 0.0 0.0 48.0 0.0 0
  -200.0 150.0 0.0 -200.0 100.0 0.0 -150.0 100.0 0.0 0.0 48.0 0.0 0.0 48.0 0.0 0
  100.0 250.0 0.0 100.0 200.0 0.0 150.0 200.0 0.0 0.0 48.0 0.0 0.0 48.0 0.0 0
  0.0 200.0 0.0 0.0 150.0 0.0 50.0 150.0 0.0 0.0 48.0 0.0 0.0 48.0 0.0 0
  -300.0 150.0 0.0 -300.0 100.0 0.0 -250.0 100.0 0.0 0.0 48.0 0.0 0.0 48.0 0.0 0
  -50.0 100.0 0.0 -50.0 150.0 0.0 -100.0 150.0 0.0 48.0 0.0 48.0 48.0 0.0 48.0 0
  -250.0 150.0 0.0 -250.0 100.0 0.0 -200.0 100.0 0.0 0.0 48.0 0.0 0.0 48.0 0.0 0
  -400.0 100.0 0.0 -400.0 150.0 0.0 -450.0 150.0 0.0 48.0 0.0 48.0 48.0 0.0 48.0 0
  150.0 200.0 0.0 150.0 250.0 0.0 100.0 250.0 0.0 48.0 0.0 48.0 48.0 0.0 48.0 0
  -500.0 200.0 0.0 -500.0 150.0 0.0 -450.0 150.0 0.0 0.0 48.0 0.0 0.0 48.0 0.0 0
  150.0 300.0 0.0 150.0 250.0 0.0 200.0 250.0 0.0 0.0 48.0 0.0 0.0 48.0 0.0 0
  50.0 150.0 0.0 50.0 200.0 0.0 0.0 200.0 0.0 48.0 0.0 48.0 48.0 0.0 48.0 0
  -100.0 100.0 0.0 -100.0 150.0 0.0 -150.0 150.0 0.0 48.0 0.0 48.0 48.0 0.0 48.0 0
  300.0 350.0 0.0 300.0 400.0 0.0 250.0 400.0 0.0 48.0 0.0 48.0 48.0 0.0 48.0 0
  200.0 250.0 0.0 200.0 300.0 0.0 150.0 300.0 0.0 48.0 0.0 48.0 48.0 0.0 48.0 0
  -350.0 100.0 0.0 -350.0 150.0 0.0 -400.0 150.0 0.0 48.0 0.0 48.0 48.0 0.0 48.0 0
  250.0 400.0 0.0 250.0 350.0 0.0 300.0 350.0 0.0 0.0 48.0 0.0 0.0 48.0 0.0 0
  -50.0 200.0 0.0 -50.0 150.0 0.0 0.0 150.0 0.0 0.0 48.0 0.0 0.0 48.0 0.0 0
  200.0 350.0 0.0 200.0 300.0 0.0 250.0 300.0 0.0 0.0 48.0 0.0 0.0 48.0 0.0 0
  250.0 300.0 0.0 250.0 350.0 0.0 200.0 350.0 0.0 48.0 0.0 48.0 48.0 0.0 48.0 0
  -150.0 100.0 0.0 -150.0 150.0 0.0 -200.0 150.0 0.0 48.0 0.0 48.0 48.0 0.0 48.0 0
  -300.0 100.0 0.0 -300.0 150.0 0.0 -350.0 150.0 0.0 48.0 0.0 48.0 48.0 0.0 48.0 0
  50.0 250.0 0.0 50.0 200.0 0.0 100.0 200.0 0.0 0.0 48.0 0.0 0.0 48.0 0.0 0
  -450.0 200.0 0.0 -450.0 150.0 0.0 -400.0 150.0 0.0 0.0 48.0 0.0 0.0 48.0 0.0 0
  -200.0 100.0 0.0 -200.0 150.0 0.0 -250.0 150.0 0.0 48.0 0.0 48.0 48.0 0.0 48.0 0
  -250.0 100.0 0.0 -250.0 150.0 0.0 -300.0 150.0 0.0 48.0 0.0 48.0 48.0 0.0 48.0 0
  0.0 150.0 0.0 0.0 200.0 0.0 -50.0 200.0 0.0 48.0 0.0 48.0 48.0 0.0 48.0 0
  -100.0 200.0 0.0 -100.0 150.0 0.0 -50.0 150.0 0.0 0.0 48.0 0.0 0.0 48.0 0.0 0
  100.0 200.0 0.0 100.0 250.0 0.0 50.0 250.0 0.0 48.0 0.0 48.0 48.0 0.0 48.0 0
  -400.0 200.0 0.0 -400.0 150.0 0.0 -350.0 150.0 0.0 0.0 48.0 0.0 0.0 48.0 0.0 0
  -450.0 150.0 0.0 -450.0 200.0 0.0 -500.0 200.0 0.0 48.0 0.0 48.0 48.0 0.0 48.0 0
  100.0 300.0 0.0 100.0 250.0 0.0 150.0 250.0 0.0 0.0 48.0 0.0 0.0 48.0 0.0 0
  -150.0 200.0 0.0 -150.0 150.0 0.0 -100.0 150.0 0.0 0.0 48.0 0.0 0.0 48.0 0.0 0
  300.0 400.0 0.0 300.0 450.0 0.0 250.0 450.0 0.0 48.0 0.0 48.0 48.0 0.0 48.0 0
  -350.0 200.0 0.0 -350.0 150.0 0.0 -300.0 150.0 0.0 0.0 48.0 0.0 0.0 48.0 0.0 0
  0.0 250.0 0.0 0.0 200.0 0.0 50.0 200.0 0.0 0.0 48.0 0.0 0.0 48.0 0.0 0
  150.0 250.0 0.0 150.0 300.0 0.0 100.0 300.0 0.0 48.0 0.0 48.0 48.0 0.0 48.0 0
  250.0 450.0 0.0 250.0 400.0 0.0 300.0 400.0 0.0 0.0 48.0 0.0 0.0 48.0 0.0 0
  -50.0 150.0 0.0 -50.0 200.0 0.0 -100.0 200.0 0.0 48.0 0.0 48.0 48.0 0.0 48.0 0
  -200.0 200.0 0.0 -200.0 150.0 0.0 -150.0 150.0 0.0 0.0 48.0 0.0 0.0 48.0 0.0 0
  -300.0 200.0 0.0 -300.0 150.0 0.0 -250.0 150.0 0.0 0.0 48.0 0.0 0.0 48.0 0.0 0
  150.0 350.0 0.0 150.0 300.0 0.0 200.0 300.0 0.0 0.0 48.0 0.0 0.0 48.0 0.0 0
  -250.0 200.0 0.0 -250.0 150.0 0.0 -200.0 150.0 0.0 0.0 48.0 0.0 0.0 48.0 0.0 0
  250.0 350.0 0.0 250.0 400.0 0.0 200.0 400.0 0.0 48.0 0.0 48.0 48.0 0.0 48.0 0
  200.0 400.0 0.0 200.0 350.0 0.0 250.0 350.0 0.0 0.0 48.0 0.0 0.0 48.0 0.0 0
  200.0 300.0 0.0 200.0 350.0 0.0 150.0 350.0 0.0 48.0 0.0 48.0 48.0 0.0 48.0 0
  -500.0 250.0 0.0 -500.0 200.0 0.0 -450.0 200.0 0.0 0.0 48.0 0.0 0.0 48.0 0.0 0
  -400.0 150.0 0.0 -400.0 200.0 0.0 -450.0 200.0 0.0 48.0 0.0 48.0 48.0 0.0 48.0 0
  50.0 200.0 0.0 50.0 250.0 0.0 0.0 250.0 0.0 48.0 0.0 48.0 48.0 0.0 48.0 0
  -100.0 150.0 0.0 -100.0 200.0 0.0 -150.0 200.0 0.0 48.0 0.0 48.0 48.0 0.0 48.0 0
  -50.0 250.0 0.0 -50.0 200.0 0.0 0.0 200.0 0.0 0.0 48.0 0.0 0.0 48.0 0.0 0
  -350.0 150.0 0.0 -350.0 200.0 0.0 -400.0 200.0 0.0 48.0 0.0 48.0 48.0 0.0 48.0 0
  50.0 300.0 0.0 50.0 250.0 0.0 100.0 250.0 0.0 0.0 48.0 0.0 0.0 48.0 0.0 0
  300.0 450.0 0.0 300.0 500.0 0.0 250.0 500.0 0.0 48.0 0.0 48.0 48.0 0.0 48.0 0
  -150.0 150.0 0.0 -150.0 200.0 0.0 -200.0 200.0 0.0 48.0 0.0 48.0 48.0 0.0 48.0 0
  -450.0 250.0 0.0 -450.0 200.0 0.0 -400.0 200.0 0.0 0.0 48.0 0.0 0.0 48.0 0.0 0
  -300.0 150.0 0.0 -300.0 200.0 0.0 -350.0 200.0 0.0 48.0 0.0 48.0 48.0 0.0 48.0 0
  -200.0 150.0 0.0 -200.0 200.0 0.0 -250.0 200.0 0.0 48.0 0.0 48.0 48.0 0.0 48.0 0
  100.0 250.0 0.0 100.0 300.0 0.0 50.0 300.0 0.0 48.0 0.0 48.0 48.0 0.0 48.0 0
  -250.0 150.0 0.0 -250.0 200.0 0.0 -300.0 200.0 0.0 48.0 0.0 48.0 48.0 0.0 48.0 0
  250.0 500.0 0.0 250.0 450.0 0.0 300.0 450.0 0.0 0.0 48.0 0.0 0.0 48.0 0.0 0
  0.0 200.0 0.0 0.0 250.0 0.0 -50.0 250.0 0.0 48.0 0.0 48.0 48.0 0.0 48.0 0
  -100.0 250.0 0.0 -100.0 200.0 0.0 -50.0 200.0 0.0 0.0 48.0 0.0 0.0 48.0 0.0 0
  100.0 350.0 0.0 100.0 300.0 0.0 150.0 300.0 0.0 0.0 48.0 0.0 0.0 48.0 0.0 0
  250.0 400.0 0.0 250.0 450.0 0.0 200.0 450.0 0.0 48.0 0.0 48.0 48.0 0.0 48.0 0
  -400.0 250.0 0.0 -400.0 200.0 0.0 -350.0 200.0 0.0 0.0 48.0 0.0 0.0 48.0 0.0 0
  200.0 450.0 0.0 200.0 400.0 0.0 250.0 400.0 0.0 0.0 48.0 0.0 0.0 48.0 0.0 0
  150.0 300.0 0.0 150.0 350.0 0.0 100.0 350.0 0.0 48.0 0.0 48.0 48.0 0.0 48.0 0
  -450.0 200.0 0.0 -450.0 250.0 0.0 -500.0 250.0 0.0 48.0 0.0 48.0 48.0 0.0 48.0 0
  150.0 400.0 0.0 150.0 350.0 0.0 200.0 350.0 0.0 0.0 48.0 0.0 0.0 48.0 0.0 0
  200.0 350.0 0.0 200.0 400.0 0.0 150.0 400.0 0.0 48.0 0.0 48.0 48.0 0.0 48.0 0
  0.0 300.0 0.0 0.0 250.0 0.0 50.0 250.0 0.0 0.0 48.0 0.0 0.0 48.0 0.0 0
  -150.0 250.0 0.0 -150.0 200.0 0.0 -100.0 200.0 0.0 0.0 48.0 0.0 0.0 48.0 0.0 0
  -350.0 250.0 0.0 -350.0 200.0 0.0 -300.0 200.0 0.0 0.0 48.0 0.0 0.0 48.0 0.0 0
  -50.0 200.0 0.0 -50.0 250.0 0.0 -100.0 250.0 0.0 48.0 0.0 48.0 48.0 0.0 48.0 0
  -200.0 250.0 0.0 -200.0 200.0 0.0 -150.0 200.0 0.0 0.0 48.0 0.0 0.0 48.0 0.0 0
  -500.0 300.0 0.0 -500.0 250.0 0.0 -450.0 250.0 0.0 0.0 48.0 0.0 0.0 48.0 0.0 0
  -250.0 250.0 0.0 -250.0 200.0 0.0 -200.0 200.0 0.0 0.0 48.0 0.0 0.0 48.0 0.0 0
  -300.0 250.0 0.0 -300.0 200.0 0.0 -250.0 200.0 0.0 0.0 48.0 0.0 0.0 48.0 0.0 0
  50.0 250.0 0.0 50.0 300.0 0.0 0.0 300.0 0.0 48.0 0.0 48.0 48.0 0.0 48.0 0
  -400.0 200.0 0.0 -400.0 250.0 0.0 -450.0 250.0 0.0 48.0 0.0 48.0 48.0 0.0 48.0 0
  -100.0 200.0 0.0 -100.0 250.0 0.0 -150.0 250.0 0.0 48.0 0.0 48.0 48.0 0.0 48.0 0
  50.0 350.0 0.0 50.0 300.0 0.0 100.0 300.0 0.0 0.0 48.0 0.0 0.0 48.0 0.0 0
  -50.0 300.0 0.0 -50.0 250.0 0.0 0.0 250.0 0.0 0.0 48.0 0.0 0.0 48.0 0.0 0
  250.0 450.0 0.0 250.0 500.0 0.0 200.0 500.0 0.0 48.0 0.0 48.0 48.0 0.0 48.0 0
  -350.0 200.0 0.0 -350.0 250.0 0.0 -400.0 250.0 0.0 48.0 0.0 48.0 48.0 0.0 48.0 0
  200.0 500.0 0.0 200.0 450.0 0.0 250.0 450.0 0.0 0.0 48.0 0.0 0.0 48.0 0.0 0
  100.0 300.0 0.0 100.0 350.0 0.0 50.0 350.0 0.0 48.0 0.0 48.0 48.0 0.0 48.0 0
  -450.0 300.0 0.0 -450.0 250.0 0.0 -400.0 250.0 0.0 0.0 48.0 0.0 0.0 48.0 0.0 0
  -150.0 200.0 0.0 -150.0 250.0 0.0 -200.0 250.0 0.0 48.0 0.0 48.0 48.0 0.0 48.0 0
  200.0 400.0 0.0 200.0 450.0 0.0 150.0 450.0 0.0 48.0 0.0 48.0 48.0 0.0 48.0 0
  100.0 400.0 0.0 100.0 350.0 0.0 150.0 350.0 0.0 0.0 48.0 0.0 0.0 48.0 0.0 0
  -300.0 200.0 0.0 -300.0 250.0 0.0 -350.0 250.0 0.0 48.0 0.0 48.0 48.0 0.0 48.0 0
  150.0 450.0 0.0 150.0 400.0 0.0 200.0 400.0 0.0 0.0 48.0 0.0 0.0 48.0 0.0 0
  150.0 350.0 0.0 150.0 400.0 0.0 100.0 400.0 0.0 48.0 0.0 48.0 48.0 0.0 48.0 0
  0.0 250.0 0.0 0.0 300.0 0.0 -50.0 300.0 0.0 48.0 0.0 48.0 48.0 0.0 48.0 0
  -200.0 200.0 0.0 -200.0 250.0 0.0 -250.0 250.0 0.0 48.0 0.0 48.0 48.0 0.0 48.0 0
  -250.0 200.0 0.0 -250.0 250.0 0.0 -300.0 250.0 0.0 48.0 0.0 48.0 48.0 0.0 48.0 0
  -100.0 300.0 0.0 -100.0 250.0 0.0 -50.0 250.0 0.0 0.0 48.0 0.0 0.0 48.0 0.0 0
  -400.0 300.0 0.0 -400.0 250.0 0.0 -350.0 250.0 0.0 0.0 48.0 0.0 0.0 48.0 0.0 0
  -450.0 250.0 0.0 -450.0 300.0 0.0 -500.0 300.0 0.0 48.0 0.0 48.0 48.0 0.0 48.0 0
  0.0 350.0 0.0 0.0 300.0 0.0 50.0 300.0 0.0 0.0 48.0 0.0 0.0 48.0 0.0 0
  -150.0 300.0 0.0 -150.0 250.0 0.0 -100.0 250.0 0.0 0.0 48.0 0.0 0.0 48.0 0.0 0
  -50.0 250.0 0.0 -50.0 300.0 0.0 -100.0 300.0 0.0 48.0 0.0 48.0 48.0 0.0 48.0 0
  -350.0 300.0 0.0 -350.0 250.0 0.0 -300.0 250.0 0.0 0.0 48.0 0.0 0.0 48.0 0.0 0
  50.0 300.0 0.0 50.0 350.0 0.0 0.0 350.0 0.0 48.0 0.0 48.0 48.0 0.0 48.0 0
  -500.0 350.0 0.0 -500.0 300.0 0.0 -450.0 300.0 0.0 0.0 48.0 0.0 0.0 48.0 0.0 0
  -200.0 300.0 0.0 -200.0 250.0 0.0 -150.0 250.0 0.0 0.0 48.0 0.0 0.0 48.0 0.0 0
  -300.0 300.0 0.0 -300.0 250.0 0.0 -250.0 250.0 0.0 0.0 48.0 0.0 0.0 48.0 0.0 0
  -400.0 250.0 0.0 -400.0 300.0 0.0 -450.0 300.0 0.0 48.0 0.0 48.0 48.0 0.0 48.0 0
  -250.0 300.0 0.0 -250.0 250.0 0.0 -200.0 250.0 0.0 0.0 48.0 0.0 0.0 48.0 0.0 0
  200.0 450.0 0.0 200.0 500.0 0.0 150.0 500.0 0.0 48.0 0.0 48.0 48.0 0.0 48.0 0
  50.0 400.0 0.0 50.0 350.0 0.0 100.0 350.0 0.0 0.0 48.0 0.0 0.0 48.0 0.0 0
  100.0 350.0 0.0 100.0 400.0 0.0 50.0 400.0 0.0 48.0 0.0 48.0 48.0 0.0 48.0 0
  -50.0 350.0 0.0 -50.0 300.0 0.0 0.0 300.0 0.0 0.0 48.0 0.0 0.0 48.0 0.0 0
  150.0 500.0 0.0 150.0 450.0 0.0 200.0 450.0 0.0 0.0 48.0 0.0 0.0 48.0 0.0 0
  -100.0 250.0 0.0 -100.0 300.0 0.0 -150.0 300.0 0.0 48.0 0.0 48.0 48.0 0.0 48.0 0
  100.0 450.0 0.0 100.0 400.0 0.0 150.0 400.0 0.0 0.0 48.0 0.0 0.0 48.0 0.0 0
  150.0 400.0 0.0 150.0 450.0 0.0 100.0 450.0 0.0 48.0 0.0 48.0 48.0 0.0 48.0 0
  -350.0 250.0 0.0 -350.0 300.0 0.0 -400.0 300.0 0.0 48.0 0.0 48.0 48.0 0.0 48.0 0
  -450.0 350.0 0.0 -450.0 300.0 0.0 -400.0 300.0 0.0 0.0 48.0 0.0 0.0 48.0 0.0 0
  -150.0 250.0 0.0 -150.0 300.0 0.0 -200.0 300.0 0.0 48.0 0.0 48.0 48.0 0.0 48.0 0
  0.0 300.0 0.0 0.0 350.0 0.0 -50.0 350.0 0.0 48.0 0.0 48.0 48.0 0.0 48.0 0
  -300.0 250.0 0.0 -300.0 300.0 0.0 -350.0 300.0 0.0 48.0 0.0 48.0 48.0 0.0 48.0 0
  -200.0 250.0 0.0 -200.0 300.0 0.0 -250.0 300.0 0.0 48.0 0.0 48.0 48.0 0.0 48.0 0
  -100.0 350.0 0.0 -100.0 300.0 0.0 -50.0 300.0 0.0 0.0 48.0 0.0 0.0 48.0 0.0 0
  -250.0 250.0 0.0 -250.0 300.0 0.0 -300.0 300.0 0.0 48.0 0.0 48.0 48.0 0.0 48.0 0
  -450.0 300.0 0.0 -450.0 350.0 0.0 -500.0 350.0 0.0 48.0 0.0 48.0 48.0 0.0 48.0 0
  0.0 400.0 0.0 0.0 350.0 0.0 50.0 350.0 0.0 0.0 48.0 0.0 0.0 48.0 0.0 0
  -400.0 350.0 0.0 -400.0 300.0 0.0 -350.0 300.0 0.0 0.0 48.0 0.0 0.0 48.0 0.0 0
  50.0 350.0 0.0 50.0 400.0 0.0 0.0 400.0 0.0 48.0 0.0 48.0 48.0 0.0 48.0 0
  -150.0 350.0 0.0 -150.0 300.0 0.0 -100.0 300.0 0.0 0.0 48.0 0.0 0.0 48.0 0.0 0
  -500.0 400.0 0.0 -500.0 350.0 0.0 -450.0 350.0 0.0 0.0 48.0 0.0 0.0 48.0 0.0 0
  -50.0 300.0 0.0 -50.0 350.0 0.0 -100.0 350.0 0.0 48.0 0.0 48.0 48.0 0.0 48.0 0
  50.0 450.0 0.0 50.0 400.0 0.0 100.0 400.0 0.0 0.0 48.0 0.0 0.0 48.0 0.0 0
  150.0 450.0 0.0 150.0 500.0 0.0 100.0 500.0 0.0 48.0 0.0 48.0 48.0 0.0 48.0 0
  -350.0 350.0 0.0 -350.0 300.0 0.0 -300.0 300.0 0.0 0.0 48.0 0.0 0.0 48.0 0.0 0
  100.0 500.0 0.0 100.0 450.0 0.0 150.0 450.0 0.0 0.0 48.0 0.0 0.0 48.0 0.0 0
  100.0 400.0 0.0 100.0 450.0 0.0 50.0 450.0 0.0 48.0 0.0 48.0 48.0 0.0 48.0 0
  -200.0 350.0 0.0 -200.0 300.0 0.0 -150.0 300.0 0.0 0.0 48.0 0.0 0.0 48.0 0.0 0
  -400.0 300.0 0.0 -400.0 350.0 0.0 -450.0 350.0 0.0 48.0 0.0 48.0 48.0 0.0 48.0 0
  -300.0 350.0 0.0 -300.0 300.0 0.0 -250.0 300.0 0.0 0.0 48.0 0.0 0.0 48.0 0.0 0
  -250.0 350.0 0.0 -250.0 300.0 0.0 -200.0 300.0 0.0 0.0 48.0 0.0 0.0 48.0 0.0 0
  -50.0 400.0 0.0 -50.0 350.0 0.0 0.0 350.0 0.0 0.0 48.0 0.0 0.0 48.0 0.0 0
  -100.0 300.0 0.0 -100.0 350.0 0.0 -150.0 350.0 0.0 48.0 0.0 48.0 48.0 0.0 48.0 0
  -450.0 400.0 0.0 -450.0 350.0 0.0 -400.0 350.0 0.0 0.0 48.0 0.0 0.0 48.0 0.0 0
  -350.0 300.0 0.0 -350.0 350.0 0.0 -400.0 350.0 0.0 48.0 0.0 48.0 48.0 0.0 48.0 0
  0.0 350.0 0.0 0.0 400.0 0.0 -50.0 400.0 0.0 48.0 0.0 48.0 48.0 0.0 48.0 0
  -150.0 300.0 0.0 -150.0 350.0 0.0 -200.0 350.0 0.0 48.0 0.0 48.0 48.0 0.0 48.0 0
  0.0 450.0 0.0 0.0 400.0 0.0 50.0 400.0 0.0 0.0 48.0 0.0 0.0 48.0 0.0 0
  -100.0 400.0 0.0 -100.0 350.0 0.0 -50.0 350.0 0.0 0.0 48.0 0.0 0.0 48.0 0.0 0
  -300.0 300.0 0.0 -300.0 350.0 0.0 -350.0 350.0 0.0 48.0 0.0 48.0 48.0 0.0 48.0 0
  -450.0 350.0 0.0 -450.0 400.0 0.0 -500.0 400.0 0.0 48.0 0.0 48.0 48.0 0.0 48.0 0
  -200.0 300.0 0.0 -200.0 350.0 0.0 -250.0 350.0 0.0 48.0 0.0 48.0 48.0 0.0 48.0 0
  -250.0 300.0 0.0 -250.0 350.0 0.0 -300.0 350.0 0.0 48.0 0.0 48.0 48.0 0.0 48.0 0
  50.0 400.0 0.0 50.0 450.0 0.0 0.0 450.0 0.0 48.0 0.0 48.0 48.0 0.0 48.0 0
  -400.0 400.0 0.0 -400.0 350.0 0.0 -350.0 350.0 0.0 0.0 48.0 0.0 0.0 48.0 0.0 0
  50.0 500.0 0.0 50.0 450.0 0.0 100.0 450.0 0.0 0.0 48.0 0.0 0.0 48.0 0.0 0
  100.0 450.0 0.0 100.0 500.0 0.0 50.0 500.0 0.0 48.0 0.0 48.0 48.0 0.0 48.0 0
  -500.0 450.0 0.0 -500.0 400.0 0.0 -450.0 400.0 0.0 0.0 48.0 0.0 0.0 48.0 0.0 0
  -50.0 350.0 0.0 -50.0 400.0 0.0 -100.0 400.0 0.0 48.0 0.0 48.0 48.0 0.0 48.0 0
  -150.0 400.0 0.0 -150.0 350.0 0.0 -100.0 350.0 0.0 0.0 48.0 0.0 0.0 48.0 0.0 0
  -350.0 400.0 0.0 -350.0 350.0 0.0 -300.0 350.0 0.0 0.0 48.0 0.0 0.0 48.0 0.0 0
  -400.0 350.0 0.0 -400.0 400.0 0.0 -450.0 400.0 0.0 48.0 0.0 48.0 48.0 0.0 48.0 0
  -200.0 400.0 0.0 -200.0 350.0 0.0 -150.0 350.0 0.0 0.0 48.0 0.0 0.0 48.0 0.0 0
  -50.0 450.0 0.0 -50.0 400.0 0.0 0.0 400.0 0.0 0.0 48.0 0.0 0.0 48.0 0.0 0
  -300.0 400.0 0.0 -300.0 350.0 0.0 -250.0 350.0 0.0 0.0 48.0 0.0 0.0 48.0 0.0 0
  -250.0 400.0 0.0 -250.0 350.0 0.0 -200.0 350.0 0.0 0.0 48.0 0.0 0.0 48.0 0.0 0
  -100.0 350.0 0.0 -100.0 400.0 0.0 -150.0 400.0 0.0 48.0 0.0 48.0 48.0 0.0 48.0 0
  0.0 400.0 0.0 0.0 450.0 0.0 -50.0 450.0 0.0 48.0 0.0 48.0 48.0 0.0 48.0 0
  -450.0 450.0 0.0 -450.0 400.0 0.0 -400.0 400.0 0.0 0.0 48.0 0.0 0.0 48.0 0.0 0
  -350.0 350.0 0.0 -350.0 400.0 0.0 -400.0 400.0 0.0 48.0 0.0 48.0 48.0 0.0 48.0 0
  0.0 500.0 0.0 0.0 450.0 0.0 50.0 450.0 0.0 0.0 48.0 0.0 0.0 48.0 0.0 0
  50.0 450.0 0.0 50.0 500.0 0.0 0.0 500.0 0.0 48.0 0.0 48.0 48.0 0.0 48.0 0
  -150.0 350.0 0.0 -150.0 400.0 0.0 -200.0 400.0 0.0 48.0 0.0 48.0 48.0 0.0 48.0 0
  -100.0 450.0 0.0 -100.0 400.0 0.0 -50.0 400.0 0.0 0.0 48.0 0.0 0.0 48.0 0.0 0
  -450.0 400.0 0.0 -450.0 450.0 0.0 -500.0 450.0 0.0 48.0 0.0 48.0 48.0 0.0 48.0 0
  -300.0 350.0 0.0 -300.0 400.0 0.0 -350.0 400.0 0.0 48.0 0.0 48.0 48.0 0.0 48.0 0
  -200.0 350.0 0.0 -200.0 400.0 0.0 -250.0 400.0 0.0 48.0 0.0 48.0 48.0 0.0 48.0 0
  -250.0 350.0 0.0 -250.0 400.0 0.0 -300.0 400.0 0.0 48.0 0.0 48.0 48.0 0.0 48.0 0
  -400.0 450.0 0.0 -400.0 400.0 0.0 -350.0 400.0 0.0 0.0 48.0 0.0 0.0 48.0 0.0 0
  -50.0 400.0 0.0 -50.0 450.0 0.0 -100.0 450.0 0.0 48.0 0.0 48.0 48.0 0.0 48.0 0
  -150.0 450.0 0.0 -150.0 400.0 0.0 -100.0 400.0 0.0 0.0 48.0 0.0 0.0 48.0 0.0 0
  -50.0 500.0 0.0 -50.0 450.0 0.0 0.0 450.0 0.0 0.0 48.0 0.0 0.0 48.0 0.0 0
  -350.0 450.0 0.0 -350.0 400.0 0.0 -300.0 400.0 0.0 0.0 48.0 0.0 0.0 48.0 0.0 0
  -400.0 400.0 0.0 -400.0 450.0 0.0 -450.0 450.0 0.0 48.0 0.0 48.0 48.0 0.0 48.0 0
  0.0 450.0 0.0 0.0 500.0 0.0 -50.0 500.0 0.0 48.0 0.0 48.0 48.0 0.0 48.0 0
  -200.0 450.0 0.0 -200.0 400.0 0.0 -150.0 400.0 0.0 0.0 48.0 0.0 0.0 48.0 0.0 0
  -300.0 450.0 0.0 -300.0 400.0 0.0 -250.0 400.0 0.0 0.0 48.0 0.0 0.0 48.0 0.0 0
  -250.0 450.0 0.0 -250.0 400.0 0.0 -200.0 400.0 0.0 0.0 48.0 0.0 0.0 48.0 0.0 0
  -450.0 500.0 0.0 -450.0 450.0 0.0 -400.0 450.0 0.0 0.0 48.0 0.0 0.0 48.0 0.0 0
  -100.0 400.0 0.0 -100.0 450.0 0.0 -150.0 450.0 0.0 48.0 0.0 48.0 48.0 0.0 48.0 0
  -350.0 400.0 0.0 -350.0 450.0 0.0 -400.0 450.0 0.0 48.0 0.0 48.0 48.0 0.0 48.0 0
  -100.0 500.0 0.0 -100.0 450.0 0.0 -50.0 450.0 0.0 0.0 48.0 0.0 0.0 48.0 0.0 0
  -150.0 400.0 0.0 -150.0 450.0 0.0 -200.0 450.0 0.0 48.0 0.0 48.0 48.0 0.0 48.0 0
  -300.0 400.0 0.0 -300.0 450.0 0.0 -350.0 450.0 0.0 48.0 0.0 48.0 48.0 0.0 48.0 0
  -400.0 500.0 0.0 -400.0 450.0 0.0 -350.0 450.0 0.0 0.0 48.0 0.0 0.0 48.0 0.0 0
  -50.0 450.0 0.0 -50.0 500.0 0.0 -100.0 500.0 0.0 48.0 0.0 48.0 48.0 0.0 48.0 0
  -200.0 400.0 0.0 -200.0 450.0 0.0 -250.0 450.0 0.0 48.0 0.0 48.0 48.0 0.0 48.0 0
  -250.0 400.0 0.0 -250.0 450.0 0.0 -300.0 450.0 0.0 48.0 0.0 48.0 48.0 0.0 48.0 0
  -150.0 500.0 0.0 -150.0 450.0 0.0 -100.0 450.0 0.0 0.0 48.0 0.0 0.0 48.0 0.0 0
  -400.0 450.0 0.0 -400.0 500.0 0.0 -450.0 500.0 0.0 48.0 0.0 48.0 48.0 0.0 48.0 0
  -350.0 500.0 0.0 -350.0 450.0 0.0 -300.0 450.0 0.0 0.0 48.0 0.0 0.0 48.0 0.0 0
  -200.0 500.0 0.0 -200.0 450.0 0.0 -150.0 450.0 0.0 0.0 48.0 0.0 0.0 48.0 0.0 0
  -100.0 450.0 0.0 -100.0 500.0 0.0 -150.0 500.0 0.0 48.0 0.0 48.0 48.0 0.0 48.0 0
  -300.0 500.0 0.0 -300.0 450.0 0.0 -250.0 450.0 0.0 0.0 48.0 0.0 0.0 48.0 0.0 0
  -250.0 500.0 0.0 -250.0 450.0 0.0 -200.0 450.0 0.0 0.0 48.0 0.0 0.0 48.0 0.0 0
  -350.0 450.0 0.0 -350.0 500.0 0.0 -400.0 500.0 0.0 48.0 0.0 48.0 48.0 0.0 48.0 0
  -150.0 450.0 0.0 -150.0 500.0 0.0 -200.0 500.0 0.0 48.0 0.0 48.0 48.0 0.0 48.0 0
  -300.0 450.0 0.0 -300.0 500.0 0.0 -350.0 500.0 0.0 48.0 0.0 48.0 48.0 0.0 48.0 0
  -200.0 450.0 0.0 -200.0 500.0 0.0 -250.0 500.0 0.0 48.0 0.0 48.0 48.0 0.0 48.0 0
  -250.0 450.0 0.0 -250.0 500.0 0.0 -300.0 500.0 0.0 48.0 0.0 48.0 48.0 0.0 48.0 0
  450.0 150.0 0.0 450.0 100.0 0.0 500.0 100.0 0.0 0.0 48.0 0.0 0.0 48.0 0.0 0
  500.0 100.0 0.0 500.0 150.0 0.0 450.0 150.0 0.0 48.0 0.0 48.0 48.0 0.0 48.0 0
  400.0 150.0 0.0 400.0 100.0 0.0 450.0 100.0 0.0 0.0 48.0 0.0 0.0 48.0 0.0 0
  450.0 100.0 0.0 450.0 150.0 0.0 400.0 150.0 0.0 48.0 0.0 48.0 48.0 0.0 48.0 0
  -500.0 150.0 0.0 -500.0 100.0 0.0 -450.0 100.0 0.0 0.0 48.0 0.0 0.0 48.0 0.0 0
  500.0 50.0 0.0 500.0 100.0 0.0 450.0 100.0 0.0 48.0 0.0 48.0 48.0 0.0 48.0 0
  450.0 50.0 0.0 450.0 100.0 0.0 400.0 100.0 0.0 48.0 0.0 48.0 48.0 0.0 48.0 0
  -500.0 100.0 0.0 -500.0 50.0 0.0 -450.0 50.0 0.0 0.0 48.0 0.0 0.0 48.0 0.0 0
  -450.0 50.0 0.0 -450.0 100.0 0.0 -500.0 100.0 0.0 48.0 0.0 48.0 48.0 0.0 48.0 0
  450.0 50.0 0.0 450.0 0.0 0.0 500.0 0.0 0.0 0.0 48.0 0.0 0.0 48.0 0.0 0
  500.0 0.0 0.0 500.0 50.0 0.0 450.0 50.0 0.0 48.0 0.0 48.0 48.0 0.0 48.0 0
  -500.0 50.0 0.0 -500.0 0.0 0.0 -450.0 0.0 0.0 0.0 48.0 0.0 0.0 48.0 0.0 0
  -450.0 0.0 0.0 -450.0 50.0 0.0 -500.0 50.0 0.0 48.0 0.0 48.0 48.0 0.0 48.0 0
  450.0 0.0 0.0 450.0 -50.0 0.0 500.0 -50.0 0.0 0.0 48.0 0.0 0.0 48.0 0.0 0
  -500.0 0.0 0.0 -500.0 -50.0 0.0 -450.0 -50.0 0.0 0.0 48.0 0.0 0.0 48.0 0.0 0
  -450.0 -50.0 0.0 -450.0 0.0 0.0 -500.0 0.0 0.0 48.0 0.0 48.0 48.0 0.0 48.0 0
  450.0 -50.0 0.0 450.0 -100.0 0.0 500.0 -100.0 0.0 0.0 48.0 0.0 0.0 48.0 0.0 0
  500.0 -100.0 0.0 500.0 -50.0 0.0 450.0 -50.0 0.0 48.0 0.0 48.0 48.0 0.0 48.0 0
  -500.0 -50.0 0.0 -500.0 -100.0 0.0 -450.0 -100.0 0.0 0.0 48.0 0.0 0.0 48.0 0.0 0
  -450.0 -100.0 0.0 -450.0 -50.0 0.0 -500.0 -50.0 0.0 48.0 0.0 48.0 48.0 0.0 48.0 0
  500.0 -150.0 0.0 500.0 -100.0 0.0 450.0 -100.0 0.0 48.0 0.0 48.0 48.0 0.0 48.0 0
  -500.0 -100.0 0.0 -500.0 -150.0 0.0 -450.0 -150.0 0.0 0.0 48.0 0.0 0.0 48.0 0.0 0
  -450.0 -150.0 0.0 -450.0 -200.0 0.0 -400.0 -200.0 0.0 0.0 48.0 0.0 0.0 48.0 0.0 0
  -400.0 -200.0 0.0 -400.0 -150.0 0.0 -450.0 -150.0 0.0 48.0 0.0 48.0 48.0 0.0 48.0 0
  -500.0 -150.0 0.0 -500.0 -200.0 0.0 -450.0 -200.0 0.0 0.0 48.0 0.0 0.0 48.0 0.0 0
  -400.0 -200.0 0.0 -400.0 -250.0 0.0 -350.0 -250.0 0.0 0.0 48.0 0.0 0.0 48.0 0.0 0
  -450.0 -200.0 0.0 -450.0 -250.0 0.0 -400.0 -250.0 0.0 0.0 48.0 0.0 0.0 48.0 0.0 0
  -400.0 -250.0 0.0 -400.0 -200.0 0.0 -450.0 -200.0 0.0 48.0 0.0 48.0 48.0 0.0 48.0 0
  -500.0 -200.0 0.0 -500.0 -250.0 0.0 -450.0 -250.0 0.0 0.0 48.0 0.0 0.0 48.0 0.0 0
  -450.0 -250.0 0.0 -450.0 -200.0 0.0 -500.0 -200.0 0.0 48.0 0.0 48.0 48.0 0.0 48.0 0
  -350.0 -300.0 0.0 -350.0 -250.0 0.0 -400.0 -250.0 0.0 48.0 0.0 48.0 48.0 0.0 48.0 0
  -450.0 -250.0 0.0 -450.0 -300.0 0.0 -400.0 -300.0 0.0 0.0 48.0 0.0 0.0 48.0 0.0 0
  -400.0 -300.0 0.0 -400.0 -250.0 0.0 -450.0 -250.0 0.0 48.0 0.0 48.0 48.0 0.0 48.0 0
  -500.0 -250.0 0.0 -500.0 -300.0 0.0 -450.0 -300.0 0.0 0.0 48.0 0.0 0.0 48.0 0.0 0
  -450.0 -300.0 0.0 -450.0 -250.0 0.0 -500.0 -250.0 0.0 48.0 0.0 48.0 48.0 0.0 48.0 0
  -400.0 -300.0 0.0 -400.0 -350.0 0.0 -350.0 -350.0 0.0 0.0 48.0 0.0 0.0 48.0 0.0 0
  -350.0 -350.0 0.0 -350.0 -300.0 0.0 -400.0 -300.0 0.0 48.0 0.0 48.0 48.0 0.0 48.0 0
  -450.0 -300.0 0.0 -450.0 -350.0 0.0 -400.0 -350.0 0.0 0.0 48.0 0.0 0.0 48.0 0.0 0
  -400.0 -350.0 0.0 -400.0 -300.0 0.0 -450.0 -300.0 0.0 48.0 0.0 48.0 48.0 0.0 48.0 0
  -500.0 -300.0 0.0 -500.0 -350.0 0.0 -450.0 -350.0 0.0 0.0 48.0 0.0 0.0 48.0 0.0 0
  -450.0 -350.0 0.0 -450.0 -300.0 0.0 -500.0 -300.0 0.0 48.0 0.0 48.0 48.0 0.0 48.0 0
  -350.0 -350.0 0.0 -350.0 -400.0 0.0 -300.0 -400.0 0.0 0.0 48.0 0.0 0.0 48.0 0.0 0
  -400.0 -350.0 0.0 -400.0 -400.0 0.0 -350.0 -400.0 0.0 0.0 48.0 0.0 0.0 48.0 0.0 0
  -450.0 -350.0 0.0 -450.0 -400.0 0.0 -400.0 -400.0 0.0 0.0 48.0 0.0 0.0 48.0 0.0 0
  -400.0 -400.0 0.0 -400.0 -350.0 0.0 -450.0 -350.0 0.0 48.0 0.0 48.0 48.0 0.0 48.0 0
  -500.0 -350.0 0.0 -500.0 -400.0 0.0 -450.0 -400.0 0.0 0.0 48.0 0.0 0.0 48.0 0.0 0
  -450.0 -400.0 0.0 -450.0 -350.0 0.0 -500.0 -350.0 0.0 48.0 0.0 48.0 48.0 0.0 48.0 0
  -350.0 -400.0 0.0 -350.0 -450.0 0.0 -300.0 -450.0 0.0 0.0 48.0 0.0 0.0 48.0 0.0 0
  -300.0 -450.0 0.0 -300.0 -400.0 0.0 -350.0 -400.0 0.0 48.0 0.0 48.0 48.0 0.0 48.0 0
  -400.0 -400.0 0.0 -400.0 -450.0 0.0 -350.0 -450.0 0.0 0.0 48.0 0.0 0.0 48.0 0.0 0
  -350.0 -450.0 0.0 -350.0 -400.0 0.0 -400.0 -400.0 0.0 48.0 0.0 48.0 48.0 0.0 48.0 0
  -450.0 -400.0 0.0 -450.0 -450.0 0.0 -400.0 -450.0 0.0 0.0 48.0 0.0 0.0 48.0 0.0 0
  -400.0 -450.0 0.0 -400.0 -400.0 0.0 -450.0 -400.0 0.0 48.0 0.0 48.0 48.0 0.0 48.0 0
  -500.0 -400.0 0.0 -500.0 -450.0 0.0 -450.0 -450.0 0.0 0.0 48.0 0.0 0.0 48.0 0.0 0
  -450.0 -450.0 0.0 -450.0 -400.0 0.0 -500.0 -400.0 0.0 48.0 0.0 48.0 48.0 0.0 48.0 0
  450.0 -450.0 0.0 450.0 -500.0 0.0 500.0 -500.0 0.0 0.0 48.0 0.0 0.0 48.0 0.0 0
  500.0 -500.0 0.0 500.0 -450.0 0.0 450.0 -450.0 0.0 48.0 0.0 48.0 48.0 0.0 48.0 0
  -300.0 -500.0 0.0 -300.0 -450.0 0.0 -350.0 -450.0 0.0 48.0 0.0 48.0 48.0 0.0 48.0 0
