  -300.0 -50.0 0.0 -300.0 -100.0 0.0 -250.0 -100.0 0.0 0.0 48.0 0.0 0.0 48.0 0.0 0
  -300.0 0.0 0.0 -300.0 -50.0 0.0 -250.0 -50.0 0.0 0.0 48.0 0.0 0.0 48.0 0.0 0
  -250.0 -100.0 0.0 -250.0 -50.0 0.0 -300.0 -50.0 0.0 48.0 0.0 48.0 48.0 0.0 48.0 0
  -300.0 50.0 0.0 -300.0 0.0 0.0 -250.0 0.0 0.0 0.0 48.0 0.0 0.0 48.0 0.0 0
  -250.0 -50.0 0.0 -250.0 -100.0 0.0 -200.0 -100.0 0.0 0.0 48.0 0.0 0.0 48.0 0.0 0
  -250.0 -50.0 0.0 -250.0 0.0 0.0 -300.0 0.0 0.0 48.0 0.0 48.0 48.0 0.0 48.0 0
  -300.0 100.0 0.0 -300.0 50.0 0.0 -250.0 50.0 0.0 0.0 48.0 0.0 0.0 48.0 0.0 0
  -250.0 0.0 0.0 -250.0 -50.0 0.0 -200.0 -50.0 0.0 0.0 48.0 0.0 0.0 48.0 0.0 0
  -250.0 0.0 0.0 -250.0 50.0 0.0 -300.0 50.0 0.0 48.0 0.0 48.0 48.0 0.0 48.0 0
  -200.0 -100.0 0.0 -200.0 -50.0 0.0 -250.0 -50.0 0.0 48.0 0.0 48.0 48.0 0.0 48.0 0
  -200.0 -50.0 0.0 -200.0 -100.0 0.0 -150.0 -100.0 0.0 0.0 48.0 0.0 0.0 48.0 0.0 0
  -250.0 50.0 0.0 -250.0 0.0 0.0 -200.0 0.0 0.0 0.0 48.0 0.0 0.0 48.0 0.0 0
  -250.0 50.0 0.0 -250.0 100.0 0.0 -300.0 100.0 0.0 48.0 0.0 48.0 48.0 0.0 48.0 0
  -200.0 -50.0 0.0 -200.0 0.0 0.0 -250.0 0.0 0.0 48.0 0.0 48.0 48.0 0.0 48.0 0
  -250.0 100.0 0.0 -250.0 50.0 0.0 -200.0 50.0 0.0 0.0 48.0 0.0 0.0 48.0 0.0 0
  -200.0 0.0 0.0 -200.0 -50.0 0.0 -150.0 -50.0 0.0 0.0 48.0 0.0 0.0 48.0 0.0 0
  -200.0 0.0 0.0 -200.0 50.0 0.0 -250.0 50.0 0.0 48.0 0.0 48.0 48.0 0.0 48.0 0
  -150.0 -100.0 0.0 -150.0 -50.0 0.0 -200.0 -50.0 0.0 48.0 0.0 48.0 48.0 0.0 48.0 0
  -150.0 -50.0 0.0 -150.0 -100.0 0.0 -100.0 -100.0 0.0 0.0 48.0 0.0 0.0 48.0 0.0 0
  -200.0 50.0 0.0 -200.0 0.0 0.0 -150.0 0.0 0.0 0.0 48.0 0.0 0.0 48.0 0.0 0
  -200.0 50.0 0.0 -200.0 100.0 0.0 -250.0 100.0 0.0 48.0 0.0 48.0 48.0 0.0 48.0 0
  -150.0 -50.0 0.0 -150.0 0.0 0.0 -200.0 0.0 0.0 48.0 0.0 48.0 48.0 0.0 48.0 0
  -200.0 100.0 0.0 -200.0 50.0 0.0 -150.0 50.0 0.0 0.0 48.0 0.0 0.0 48.0 0.0 0
  -150.0 0.0 0.0 -150.0 -50.0 0.0 -100.0 -50.0 0.0 0.0 48.0 0.0 0.0 48.0 0.0 0
  -100.0 -100.0 0.0 -100.0 -50.0 0.0 -150.0 -50.0 0.0 48.0 0.0 48.0 48.0 0.0 48.0 0
  -150.0 0.0 0.0 -150.0 50.0 0.0 -200.0 50.0 0.0 48.0 0.0 48.0 48.0 0.0 48.0 0
  -100.0 -50.0 0.0 -100.0 -100.0 0.0 -50.0 -100.0 0.0 0.0 48.0 0.0 0.0 48.0 0.0 0
  -150.0 50.0 0.0 -150.0 0.0 0.0 -100.0 0.0 0.0 0.0 48.0 0.0 0.0 48.0 0.0 0
  -150.0 50.0 0.0 -150.0 100.0 0.0 -200.0 100.0 0.0 48.0 0.0 48.0 48.0 0.0 48.0 0
  -100.0 -50.0 0.0 -100.0 0.0 0.0 -150.0 0.0 0.0 48.0 0.0 48.0 48.0 0.0 48.0 0
  -100.0 0.0 0.0 -100.0 -50.0 0.0 -50.0 -50.0 0.0 0.0 48.0 0.0 0.0 48.0 0.0 0
  -150.0 100.0 0.0 -150.0 50.0 0.0 -100.0 50.0 0.0 0.0 48.0 0.0 0.0 48.0 0.0 0
  -50.0 -100.0 0.0 -50.0 -50.0 0.0 -100.0 -50.0 0.0 48.0 0.0 48.0 48.0 0.0 48.0 0
  -100.0 0.0 0.0 -100.0 50.0 0.0 -150.0 50.0 0.0 48.0 0.0 48.0 48.0 0.0 48.0 0
  -50.0 -50.0 0.0 -50.0 -100.0 0.0 0.0 -100.0 0.0 0.0 48.0 0.0 0.0 48.0 0.0 0
  -100.0 50.0 0.0 -100.0 0.0 0.0 -50.0 0.0 0.0 0.0 48.0 0.0 0.0 48.0 0.0 0
  -100.0 50.0 0.0 -100.0 100.0 0.0 -150.0 100.0 0.0 48.0 0.0 48.0 48.0 0.0 48.0 0
  -50.0 -50.0 0.0 -50.0 0.0 0.0 -100.0 0.0 0.0 48.0 0.0 48.0 48.0 0.0 48.0 0
  -50.0 0.0 0.0 -50.0 -50.0 0.0 0.0 -50.0 20.0 0.0 48.0 0.0 0.0 48.0 0.0 0
  -100.0 100.0 0.0 -100.0 50.0 0.0 -50.0 50.0 0.0 0.0 48.0 0.0 0.0 48.0 0.0 0
  0.0 -100.0 0.0 0.0 -50.0 20.0 -50.0 -50.0 0.0 48.0 0.0 48.0 48.0 0.0 48.0 0
  -50.0 0.0 0.0 -50.0 50.0 0.0 -100.0 50.0 0.0 48.0 0.0 48.0 48.0 0.0 48.0 0
  0.0 -50.0 20.0 0.0 -100.0 0.0 50.0 -100.0 0.0 0.0 48.0 0.0 0.0 48.0 0.0 0
  -50.0 50.0 0.0 -50.0 0.0 0.0 0.0 0.0 30.0 0.0 48.0 0.0 0.0 48.0 0.0 0
  -50.0 50.0 0.0 -50.0 100.0 0.0 -100.0 100.0 0.0 48.0 0.0 48.0 48.0 0.0 48.0 0
  -50.0 100.0 0.0 -50.0 50.0 0.0 0.0 50.0 0.0 0.0 48.0 0.0 0.0 48.0 0.0 0
  0.0 -50.0 20.0 0.0 0.0 30.0 -50.0 0.0 0.0 48.0 0.0 48.0 48.0 0.0 48.0 0
  50.0 -50.0 40.0 50.0 -100.0 0.0 100.0 -100.0 0.0 0.0 48.0 0.0 0.0 48.0 0.0 0
  0.0 0.0 30.0 0.0 50.0 0.0 -50.0 50.0 0.0 48.0 0.0 48.0 48.0 0.0 48.0 0
  0.0 0.0 30.0 0.0 -50.0 20.0 50.0 -50.0 40.0 0.0 48.0 0.0 0.0 48.0 0.0 0
  50.0 -100.0 0.0 50.0 -50.0 40.0 0.0 -50.0 20.0 48.0 0.0 48.0 48.0 0.0 48.0 0
  0.0 50.0 0.0 0.0 100.0 0.0 -50.0 100.0 0.0 48.0 0.0 48.0 48.0 0.0 48.0 0
  0.0 50.0 0.0 0.0 0.0 30.0 50.0 0.0 40.0 0.0 48.0 0.0 0.0 48.0 0.0 0
  0.0 100.0 0.0 0.0 50.0 0.0 50.0 50.0 0.0 0.0 48.0 0.0 0.0 48.0 0.0 0
  100.0 -50.0 30.0 100.0 -100.0 0.0 150.0 -100.0 0.0 0.0 48.0 0.0 0.0 48.0 0.0 0
  100.0 -100.0 0.0 100.0 -50.0 30.0 50.0 -50.0 40.0 48.0 0.0 48.0 48.0 0.0 48.0 0
  50.0 -50.0 40.0 50.0 0.0 40.0 0.0 0.0 30.0 48.0 0.0 48.0 48.0 0.0 48.0 0
  50.0 0.0 40.0 50.0 50.0 0.0 0.0 50.0 0.0 48.0 0.0 48.0 48.0 0.0 48.0 0
  50.0 0.0 40.0 50.0 -50.0 40.0 100.0 -50.0 30.0 1200.0 48.0 1200.0 0.0 1248.0 0.0 25
  50.0 50.0 0.0 50.0 100.0 0.0 0.0 100.0 0.0 48.0 0.0 48.0 48.0 0.0 48.0 0
  150.0 -50.0 20.0 150.0 -100.0 0.0 200.0 -100.0 0.0 0.0 48.0 0.0 0.0 48.0 0.0 0
  50.0 100.0 0.0 50.0 50.0 0.0 100.0 50.0 0.0 0.0 48.0 0.0 0.0 48.0 0.0 0
  50.0 50.0 0.0 50.0 0.0 40.0 100.0 0.0 40.0 1200.0 48.0 1200.0 0.0 1248.0 0.0 25
  150.0 -100.0 0.0 150.0 -50.0 20.0 100.0 -50.0 30.0 48.0 0.0 48.0 48.0 0.0 48.0 0
  100.0 0.0 40.0 100.0 -50.0 30.0 150.0 -50.0 20.0 1200.0 48.0 1200.0 0.0 1248.0 0.0 25
  100.0 -50.0 30.0 100.0 0.0 40.0 50.0 0.0 40.0 1248.0 0.0 1248.0 48.0 1200.0 48.0 25
  100.0 0.0 40.0 100.0 50.0 0.0 50.0 50.0 0.0 1248.0 0.0 1248.0 48.0 1200.0 48.0 25
  200.0 -50.0 10.0 200.0 -100.0 0.0 250.0 -100.0 0.0 0.0 48.0 0.0 0.0 48.0 0.0 0
  200.0 -100.0 0.0 200.0 -50.0 10.0 150.0 -50.0 20.0 48.0 0.0 48.0 48.0 0.0 48.0 0
  100.0 50.0 0.0 100.0 100.0 0.0 50.0 100.0 0.0 48.0 0.0 48.0 48.0 0.0 48.0 0
  100.0 100.0 0.0 100.0 50.0 0.0 150.0 50.0 0.0 0.0 48.0 0.0 0.0 48.0 0.0 0
  100.0 50.0 0.0 100.0 0.0 40.0 150.0 0.0 30.0 1200.0 48.0 1200.0 0.0 1248.0 0.0 25
  150.0 0.0 30.0 150.0 -50.0 20.0 200.0 -50.0 10.0 1200.0 48.0 1200.0 0.0 1248.0 0.0 25
  150.0 -50.0 20.0 150.0 0.0 30.0 100.0 0.0 40.0 1248.0 0.0 1248.0 48.0 1200.0 48.0 25
  250.0 -50.0 10.0 250.0 -100.0 0.0 300.0 -100.0 0.0 0.0 48.0 0.0 0.0 48.0 0.0 0
  150.0 0.0 30.0 150.0 50.0 0.0 100.0 50.0 0.0 1248.0 0.0 1248.0 48.0 1200.0 48.0 25
  250.0 -100.0 0.0 250.0 -50.0 10.0 200.0 -50.0 10.0 48.0 0.0 48.0 48.0 0.0 48.0 0
  200.0 0.0 20.0 200.0 -50.0 10.0 250.0 -50.0 10.0 0.0 48.0 0.0 0.0 48.0 0.0 0
  150.0 50.0 0.0 150.0 0.0 30.0 200.0 0.0 20.0 1200.0 48.0 1200.0 0.0 1248.0 0.0 25
  150.0 50.0 0.0 150.0 100.0 0.0 100.0 100.0 0.0 48.0 0.0 48.0 48.0 0.0 48.0 0
  200.0 -50.0 10.0 200.0 0.0 20.0 150.0 0.0 30.0 1248.0 0.0 1248.0 48.0 1200.0 48.0 25
  150.0 100.0 0.0 150.0 50.0 0.0 200.0 50.0 0.0 0.0 48.0 0.0 0.0 48.0 0.0 0
  300.0 -100.0 0.0 300.0 -50.0 0.0 250.0 -50.0 10.0 48.0 0.0 48.0 48.0 0.0 48.0 0
  200.0 0.0 20.0 200.0 50.0 0.0 150.0 50.0 0.0 1248.0 0.0 1248.0 48.0 1200.0 48.0 25
  250.0 0.0 20.0 250.0 -50.0 10.0 300.0 -50.0 0.0 0.0 48.0 0.0 0.0 48.0 0.0 0
  200.0 50.0 0.0 200.0 0.0 20.0 250.0 0.0 20.0 1200.0 48.0 1200.0 0.0 1248.0 0.0 25
  250.0 -50.0 10.0 250.0 0.0 20.0 200.0 0.0 20.0 48.0 0.0 48.0 48.0 0.0 48.0 0
  200.0 50.0 0.0 200.0 100.0 0.0 150.0 100.0 0.0 48.0 0.0 48.0 48.0 0.0 48.0 0
  200.0 100.0 0.0 200.0 50.0 0.0 250.0 50.0 10.0 0.0 48.0 0.0 0.0 48.0 0.0 0
  250.0 0.0 20.0 250.0 50.0 10.0 200.0 50.0 0.0 48.0 0.0 48.0 48.0 0.0 48.0 0
  300.0 -50.0 0.0 300.0 0.0 10.0 250.0 0.0 20.0 48.0 0.0 48.0 48.0 0.0 48.0 0
  250.0 50.0 10.0 250.0 0.0 20.0 300.0 0.0 10.0 0.0 48.0 0.0 0.0 48.0 0.0 0
  250.0 50.0 10.0 250.0 100.0 0.0 200.0 100.0 0.0 48.0 0.0 48.0 48.0 0.0 48.0 0
  250.0 100.0 0.0 250.0 50.0 10.0 300.0 50.0 0.0 0.0 48.0 0.0 0.0 48.0 0.0 0
  300.0 0.0 10.0 300.0 50.0 0.0 250.0 50.0 10.0 48.0 0.0 48.0 48.0 0.0 48.0 0
  300.0 50.0 0.0 300.0 100.0 0.0 250.0 100.0 0.0 48.0 0.0 48.0 48.0 0.0 48.0 0
