  200.0 -200.0 61.16928 200.0 -250.0 0.37419 250.0 -250.0 0.18600 0.0 48.0 0.0 0.0 48.0 0.0 0
  250.0 -250.0 0.18600 250.0 -200.0 20.94787 200.0 -200.0 61.16928 48.0 0.0 48.0 48.0 0.0 48.0 0
  150.0 -200.0 73.37380 150.0 -250.0 20.26913 200.0 -250.0 0.37419 0.0 48.0 0.0 0.0 48.0 0.0 0
  250.0 -200.0 20.94787 250.0 -150.0 2.15670 200.0 -150.0 57.19992 48.0 0.0 48.0 48.0 0.0 48.0 0
  200.0 -250.0 0.37419 200.0 -200.0 61.16928 150.0 -200.0 73.37380 48.0 0.0 48.0 48.0 0.0 48.0 0
  250.0 -150.0 2.15670 250.0 -100.0 20.52099 200.0 -100.0 40.52925 48.0 0.0 48.0 48.0 0.0 48.0 0
  200.0 -150.0 57.19992 200.0 -200.0 61.16928 250.0 -200.0 20.94787 0.0 48.0 0.0 0.0 48.0 0.0 0
  100.0 -200.0 78.85870 100.0 -250.0 32.72800 150.0 -250.0 20.26913 0.0 48.0 0.0 0.0 48.0 0.0 0
  200.0 -100.0 40.52925 200.0 -150.0 57.19992 250.0 -150.0 2.15670 0.0 48.0 0.0 0.0 48.0 0.0 0
  -250.0 -200.0 6.38510 -250.0 -250.0 4.92636 -200.0 -250.0 1.95980 384.0 48.0 384.0 0.0 432.0 0.0 8
  250.0 -100.0 20.52099 250.0 -50.0 10.26299 200.0 -50.0 62.97608 48.0 0.0 48.0 48.0 0.0 48.0 0
  150.0 -250.0 20.26913 150.0 -200.0 73.37380 100.0 -200.0 78.85870 48.0 0.0 48.0 48.0 0.0 48.0 0
  50.0 -200.0 87.88529 50.0 -250.0 45.38278 100.0 -250.0 32.72800 0.0 48.0 0.0 0.0 48.0 0.0 0
  -150.0 -200.0 41.72539 -150.0 -250.0 2.20797 -100.0 -250.0 9.65291 0.0 48.0 0.0 0.0 48.0 0.0 0
  -200.0 -200.0 38.87400 -200.0 -250.0 1.95980 -150.0 -250.0 2.20797 0.0 48.0 0.0 0.0 48.0 0.0 0
  200.0 -200.0 61.16928 200.0 -150.0 57.19992 150.0 -150.0 64.84411 48.0 0.0 48.0 48.0 0.0 48.0 0
  250.0 -50.0 10.26299 250.0 0.0 0.31970 200.0 0.0 53.96500 48.0 0.0 48.0 48.0 0.0 48.0 0
  -100.0 -200.0 63.18045 -100.0 -250.0 9.65291 -50.0 -250.0 28.27503 0.0 48.0 0.0 0.0 48.0 0.0 0
  150.0 -150.0 64.84411 150.0 -200.0 73.37380 200.0 -200.0 61.16928 0.0 48.0 0.0 0.0 48.0 0.0 0
  200.0 -50.0 62.97608 200.0 -100.0 40.52925 250.0 -100.0 20.52099 0.0 48.0 0.0 0.0 48.0 0.0 0
  -50.0 -200.0 77.76161 -50.0 -250.0 28.27503 0.0 -250.0 56.97663 0.0 48.0 0.0 0.0 48.0 0.0 0
  0.0 -200.0 80.38153 0.0 -250.0 56.97663 50.0 -250.0 45.38278 0.0 48.0 0.0 0.0 48.0 0.0 0
  100.0 -250.0 32.72800 100.0 -200.0 78.85870 50.0 -200.0 87.88529 48.0 0.0 48.0 48.0 0.0 48.0 0
  200.0 -150.0 57.19992 200.0 -100.0 40.52925 150.0 -100.0 78.22299 48.0 0.0 48.0 48.0 0.0 48.0 0
  -200.0 -250.0 1.95980 -200.0 -200.0 38.87400 -250.0 -200.0 6.38510 432.0 0.0 432.0 48.0 384.0 48.0 8
  250.0 0.0 0.31970 250.0 50.0 10.21220 200.0 50.0 56.82952 48.0 0.0 48.0 48.0 0.0 48.0 0
  150.0 -100.0 78.22299 150.0 -150.0 64.84411 200.0 -150.0 57.19992 0.0 48.0 0.0 0.0 48.0 0.0 0
  -150.0 -250.0 2.20797 -150.0 -200.0 41.72539 -200.0 -200.0 38.87400 48.0 0.0 48.0 48.0 0.0 48.0 0
  -250.0 -150.0 11.36217 -250.0 -200.0 6.38510 -200.0 -200.0 38.87400 384.0 48.0 384.0 0.0 432.0 0.0 8
  150.0 -200.0 73.37380 150.0 -150.0 64.84411 100.0 -150.0 90.87429 48.0 0.0 48.0 48.0 0.0 48.0 0
  100.0 -150.0 90.87429 100.0 -200.0 78.85870 150.0 -200.0 73.37380 0.0 48.0 0.0 0.0 48.0 0.0 0
  200.0 0.0 53.96500 200.0 -50.0 62.97608 250.0 -50.0 10.26299 0.0 48.0 0.0 0.0 48.0 0.0 0
  -100.0 -250.0 9.65291 -100.0 -200.0 63.18045 -150.0 -200.0 41.72539 48.0 0.0 48.0 48.0 0.0 48.0 0
  50.0 -250.0 45.38278 50.0 -200.0 87.88529 0.0 -200.0 80.38153 48.0 0.0 48.0 48.0 0.0 48.0 0
  200.0 -100.0 40.52925 200.0 -50.0 62.97608 150.0 -50.0 71.97283 48.0 0.0 48.0 48.0 0.0 48.0 0
  -50.0 -250.0 28.27503 -50.0 -200.0 77.76161 -100.0 -200.0 63.18045 48.0 0.0 48.0 48.0 0.0 48.0 0
  200.0 50.0 56.82952 200.0 0.0 53.96500 250.0 0.0 0.31970 0.0 48.0 0.0 0.0 48.0 0.0 0
  0.0 -250.0 56.97663 0.0 -200.0 80.38153 -50.0 -200.0 77.76161 48.0 0.0 48.0 48.0 0.0 48.0 0
  -200.0 -150.0 32.97198 -200.0 -200.0 38.87400 -150.0 -200.0 41.72539 0.0 48.0 0.0 0.0 48.0 0.0 0
  250.0 50.0 10.21220 250.0 100.0 32.23992 200.0 100.0 69.83113 48.0 0.0 48.0 48.0 0.0 48.0 0
  150.0 -50.0 71.97283 150.0 -100.0 78.22299 200.0 -100.0 40.52925 0.0 48.0 0.0 0.0 48.0 0.0 0
  50.0 -150.0 90.69360 50.0 -200.0 87.88529 100.0 -200.0 78.85870 0.0 48.0 0.0 0.0 48.0 0.0 0
  -200.0 -200.0 38.87400 -200.0 -150.0 32.97198 -250.0 -150.0 11.36217 432.0 0.0 432.0 48.0 384.0 48.0 8
  -150.0 -150.0 46.20431 -150.0 -200.0 41.72539 -100.0 -200.0 63.18045 0.0 48.0 0.0 0.0 48.0 0.0 0
  -250.0 -100.0 18.98533 -250.0 -150.0 11.36217 -200.0 -150.0 32.97198 384.0 48.0 384.0 0.0 432.0 0.0 8
  150.0 -150.0 64.84411 150.0 -100.0 78.22299 100.0 -100.0 84.75354 48.0 0.0 48.0 48.0 0.0 48.0 0
  0.0 -100.0 41.95872 0.0 -50.0 -4.41012 -50.0 -50.0 0.92219 432.0 0.0 432.0 48.0 384.0 48.0 8
  100.0 -200.0 78.85870 100.0 -150.0 90.87429 50.0 -150.0 90.69360 48.0 0.0 48.0 48.0 0.0 48.0 0
  100.0 -100.0 84.75354 100.0 -150.0 90.87429 150.0 -150.0 64.84411 0.0 48.0 0.0 0.0 48.0 0.0 0
  0.0 -150.0 72.20004 0.0 -200.0 80.38153 50.0 -200.0 87.88529 0.0 48.0 0.0 0.0 48.0 0.0 0
  -150.0 -200.0 41.72539 -150.0 -150.0 46.20431 -200.0 -150.0 32.97198 48.0 0.0 48.0 48.0 0.0 48.0 0
  -100.0 -150.0 57.23373 -100.0 -200.0 63.18045 -50.0 -200.0 77.76161 0.0 48.0 0.0 0.0 48.0 0.0 0
  200.0 -50.0 62.97608 200.0 0.0 53.96500 150.0 0.0 76.36016 48.0 0.0 48.0 48.0 0.0 48.0 0
  -50.0 0.0 0.30199 -50.0 -50.0 0.92219 0.0 -50.0 -4.41012 1152.0 48.0 1152.0 0.0 1200.0 0.0 24
  0.0 -50.0 -4.41012 0.0 -100.0 41.95872 50.0 -100.0 52.72042 384.0 48.0 384.0 0.0 432.0 0.0 8
  200.0 100.0 69.83113 200.0 50.0 56.82952 250.0 50.0 10.21220 0.0 48.0 0.0 0.0 48.0 0.0 0
  0.0 0.0 0.23061 0.0 -50.0 -4.41012 50.0 -50.0 55.19789 384.0 48.0 384.0 0.0 432.0 0.0 8
  250.0 100.0 32.23992 250.0 150.0 32.71237 200.0 150.0 72.93399 48.0 0.0 48.0 48.0 0.0 48.0 0
  -50.0 -150.0 77.47882 -50.0 -200.0 77.76161 0.0 -200.0 80.38153 0.0 48.0 0.0 0.0 48.0 0.0 0
  0.0 -50.0 -4.41012 0.0 0.0 0.23061 -50.0 0.0 0.30199 1200.0 0.0 1200.0 48.0 1152.0 48.0 24
  -50.0 -100.0 40.23352 -50.0 -50.0 0.92219 -100.0 -50.0 0.43582 432.0 0.0 432.0 48.0 384.0 48.0 8
  -200.0 -100.0 27.47311 -200.0 -150.0 32.97198 -150.0 -150.0 46.20431 384.0 48.0 384.0 0.0 432.0 0.0 8
  50.0 -200.0 87.88529 50.0 -150.0 90.69360 0.0 -150.0 72.20004 48.0 0.0 48.0 48.0 0.0 48.0 0
  -100.0 -100.0 19.98255 -100.0 -50.0 0.43582 -150.0 -50.0 0.29275 432.0 0.0 432.0 48.0 384.0 48.0 8
  -100.0 -200.0 63.18045 -100.0 -150.0 57.23373 -150.0 -150.0 46.20431 48.0 0.0 48.0 48.0 0.0 48.0 0
  -100.0 -50.0 0.43582 -100.0 -100.0 19.98255 -50.0 -100.0 40.23352 384.0 48.0 384.0 0.0 432.0 0.0 8
  50.0 -100.0 52.72042 50.0 -150.0 90.69360 100.0 -150.0 90.87429 0.0 48.0 0.0 0.0 48.0 0.0 0
  50.0 -150.0 90.69360 50.0 -100.0 52.72042 0.0 -100.0 41.95872 48.0 0.0 48.0 48.0 0.0 48.0 0
  150.0 -100.0 78.22299 150.0 -50.0 71.97283 100.0 -50.0 61.44969 48.0 0.0 48.0 48.0 0.0 48.0 0
  0.0 -200.0 80.38153 0.0 -150.0 72.20004 -50.0 -150.0 77.47882 48.0 0.0 48.0 48.0 0.0 48.0 0
  150.0 0.0 76.36016 150.0 -50.0 71.97283 200.0 -50.0 62.97608 0.0 48.0 0.0 0.0 48.0 0.0 0
  -50.0 -50.0 0.92219 -50.0 -100.0 40.23352 0.0 -100.0 41.95872 384.0 48.0 384.0 0.0 432.0 0.0 8
  -100.0 0.0 0.20000 -100.0 -50.0 0.43582 -50.0 -50.0 0.92219 1152.0 48.0 1152.0 0.0 1200.0 0.0 24
  100.0 -150.0 90.87429 100.0 -100.0 84.75354 50.0 -100.0 52.72042 48.0 0.0 48.0 48.0 0.0 48.0 0
  0.0 -150.0 72.20004 0.0 -100.0 41.95872 -50.0 -100.0 40.23352 48.0 0.0 48.0 48.0 0.0 48.0 0
  -100.0 -150.0 57.23373 -100.0 -100.0 19.98255 -150.0 -100.0 30.70439 48.0 0.0 48.0 48.0 0.0 48.0 0
  -200.0 -150.0 32.97198 -200.0 -100.0 27.47311 -250.0 -100.0 18.98533 432.0 0.0 432.0 48.0 384.0 48.0 8
  0.0 -100.0 41.95872 0.0 -150.0 72.20004 50.0 -150.0 90.69360 0.0 48.0 0.0 0.0 48.0 0.0 0
  50.0 -100.0 52.72042 50.0 -50.0 55.19789 0.0 -50.0 -4.41012 432.0 0.0 432.0 48.0 384.0 48.0 8
  0.0 50.0 0.43299 0.0 0.0 0.23061 50.0 0.0 11.76142 384.0 48.0 384.0 0.0 432.0 0.0 8
  250.0 150.0 32.71237 250.0 200.0 40.29650 200.0 200.0 60.60543 48.0 0.0 48.0 48.0 0.0 48.0 0
  -250.0 -50.0 0.49393 -250.0 -100.0 18.98533 -200.0 -100.0 27.47311 384.0 48.0 384.0 0.0 432.0 0.0 8
  100.0 -50.0 61.44969 100.0 -100.0 84.75354 150.0 -100.0 78.22299 0.0 48.0 0.0 0.0 48.0 0.0 0
  -150.0 -100.0 30.70439 -150.0 -150.0 46.20431 -100.0 -150.0 57.23373 0.0 48.0 0.0 0.0 48.0 0.0 0
  50.0 -50.0 55.19789 50.0 0.0 11.76142 0.0 0.0 0.23061 432.0 0.0 432.0 48.0 384.0 48.0 8
  -150.0 -50.0 0.29275 -150.0 -100.0 30.70439 -100.0 -100.0 19.98255 384.0 48.0 384.0 0.0 432.0 0.0 8
  -150.0 -100.0 30.70439 -150.0 -50.0 0.29275 -200.0 -50.0 0.91984 432.0 0.0 432.0 48.0 384.0 48.0 8
  200.0 0.0 53.96500 200.0 50.0 56.82952 150.0 50.0 66.49008 48.0 0.0 48.0 48.0 0.0 48.0 0
  -150.0 0.0 0.0 -150.0 -50.0 0.29275 -100.0 -50.0 0.43582 1152.0 48.0 1152.0 0.0 1200.0 0.0 24
  -200.0 -100.0 27.47311 -200.0 -50.0 0.91984 -250.0 -50.0 0.49393 432.0 0.0 432.0 48.0 384.0 48.0 8
  50.0 -50.0 55.19789 50.0 -100.0 52.72042 100.0 -100.0 84.75354 0.0 48.0 0.0 0.0 48.0 0.0 0
  -100.0 -100.0 19.98255 -100.0 -150.0 57.23373 -50.0 -150.0 77.47882 0.0 48.0 0.0 0.0 48.0 0.0 0
  -50.0 -150.0 77.47882 -50.0 -100.0 40.23352 -100.0 -100.0 19.98255 48.0 0.0 48.0 48.0 0.0 48.0 0
  -50.0 -50.0 0.92219 -50.0 0.0 0.30199 -100.0 0.0 0.20000 1200.0 0.0 1200.0 48.0 1152.0 48.0 24
  250.0 200.0 40.29650 250.0 250.0 40.0 200.0 250.0 40.15999 48.0 0.0 48.0 48.0 0.0 48.0 0
  -50.0 -200.0 77.76161 -50.0 -150.0 77.47882 -100.0 -150.0 57.23373 48.0 0.0 48.0 48.0 0.0 48.0 0
  -150.0 -150.0 46.20431 -150.0 -100.0 30.70439 -200.0 -100.0 27.47311 432.0 0.0 432.0 48.0 384.0 48.0 8
  -200.0 -50.0 0.91984 -200.0 -100.0 27.47311 -150.0 -100.0 30.70439 384.0 48.0 384.0 0.0 432.0 0.0 8
  -200.0 0.0 0.0 -200.0 -50.0 0.91984 -150.0 -50.0 0.29275 1152.0 48.0 1152.0 0.0 1200.0 0.0 24
  -250.0 0.0 0.0 -250.0 -50.0 0.49393 -200.0 -50.0 0.91984 1152.0 48.0 1152.0 0.0 1200.0 0.0 24
  100.0 0.0 45.71960 100.0 -50.0 61.44969 150.0 -50.0 71.97283 0.0 48.0 0.0 0.0 48.0 0.0 0
  100.0 -50.0 61.44969 100.0 0.0 45.71960 50.0 0.0 11.76142 48.0 0.0 48.0 48.0 0.0 48.0 0
  50.0 50.0 30.51370 50.0 0.0 11.76142 100.0 0.0 45.71960 0.0 48.0 0.0 0.0 48.0 0.0 0
  -50.0 50.0 0.0 -50.0 0.0 0.30199 0.0 0.0 0.23061 1152.0 48.0 1152.0 0.0 1200.0 0.0 24
  -50.0 -100.0 40.23352 -50.0 -150.0 77.47882 0.0 -150.0 72.20004 0.0 48.0 0.0 0.0 48.0 0.0 0
  100.0 -100.0 84.75354 100.0 -50.0 61.44969 50.0 -50.0 55.19789 48.0 0.0 48.0 48.0 0.0 48.0 0
  50.0 0.0 11.76142 50.0 -50.0 55.19789 100.0 -50.0 61.44969 0.0 48.0 0.0 0.0 48.0 0.0 0
  -100.0 -50.0 0.43582 -100.0 0.0 0.20000 -150.0 0.0 0.0 1200.0 0.0 1200.0 48.0 1152.0 48.0 24
  0.0 0.0 0.23061 0.0 50.0 0.43299 -50.0 50.0 0.0 1200.0 0.0 1200.0 48.0 1152.0 48.0 24
  -150.0 -50.0 0.29275 -150.0 0.0 0.0 -200.0 0.0 0.0 1200.0 0.0 1200.0 48.0 1152.0 48.0 24
  150.0 -50.0 71.97283 150.0 0.0 76.36016 100.0 0.0 45.71960 48.0 0.0 48.0 48.0 0.0 48.0 0
  150.0 50.0 66.49008 150.0 0.0 76.36016 200.0 0.0 53.96500 0.0 48.0 0.0 0.0 48.0 0.0 0
  200.0 150.0 72.93399 200.0 100.0 69.83113 250.0 100.0 32.23992 0.0 48.0 0.0 0.0 48.0 0.0 0
  -100.0 50.0 0.0 -100.0 0.0 0.20000 -50.0 0.0 0.30199 1152.0 48.0 1152.0 0.0 1200.0 0.0 24
  -200.0 -50.0 0.91984 -200.0 0.0 0.0 -250.0 0.0 0.0 1200.0 0.0 1200.0 48.0 1152.0 48.0 24
  50.0 0.0 11.76142 50.0 50.0 30.51370 0.0 50.0 0.43299 432.0 0.0 432.0 48.0 384.0 48.0 8
  100.0 50.0 44.29122 100.0 0.0 45.71960 150.0 0.0 76.36016 0.0 48.0 0.0 0.0 48.0 0.0 0
  0.0 100.0 0.12999 0.0 50.0 0.43299 50.0 50.0 30.51370 384.0 48.0 384.0 0.0 432.0 0.0 8
  -50.0 0.0 0.30199 -50.0 50.0 0.0 -100.0 50.0 0.0 1200.0 0.0 1200.0 48.0 1152.0 48.0 24
  -150.0 50.0 0.0 -150.0 0.0 0.0 -100.0 0.0 0.20000 1152.0 48.0 1152.0 0.0 1200.0 0.0 24
  200.0 250.0 40.15999 200.0 200.0 60.60543 250.0 200.0 40.29650 0.0 48.0 0.0 0.0 48.0 0.0 0
  100.0 0.0 45.71960 100.0 50.0 44.29122 50.0 50.0 30.51370 48.0 0.0 48.0 48.0 0.0 48.0 0
  200.0 200.0 60.60543 200.0 150.0 72.93399 250.0 150.0 32.71237 0.0 48.0 0.0 0.0 48.0 0.0 0
  -50.0 100.0 0.0 -50.0 50.0 0.0 0.0 50.0 0.43299 1152.0 48.0 1152.0 0.0 1200.0 0.0 24
  -200.0 50.0 0.0 -200.0 0.0 0.0 -150.0 0.0 0.0 1152.0 48.0 1152.0 0.0 1200.0 0.0 24
  -250.0 50.0 0.0 -250.0 0.0 0.0 -200.0 0.0 0.0 1152.0 48.0 1152.0 0.0 1200.0 0.0 24
  0.0 50.0 0.43299 0.0 100.0 0.12999 -50.0 100.0 0.0 1200.0 0.0 1200.0 48.0 1152.0 48.0 24
  -100.0 0.0 0.20000 -100.0 50.0 0.0 -150.0 50.0 0.0 1200.0 0.0 1200.0 48.0 1152.0 48.0 24
  150.0 0.0 76.36016 150.0 50.0 66.49008 100.0 50.0 44.29122 48.0 0.0 48.0 48.0 0.0 48.0 0
  200.0 200.0 60.60543 200.0 250.0 40.15999 150.0 250.0 30.24500 48.0 0.0 48.0 48.0 0.0 48.0 0
  200.0 50.0 56.82952 200.0 100.0 69.83113 150.0 100.0 92.18975 48.0 0.0 48.0 48.0 0.0 48.0 0
  50.0 100.0 20.70289 50.0 50.0 30.51370 100.0 50.0 44.29122 0.0 48.0 0.0 0.0 48.0 0.0 0
  50.0 50.0 30.51370 50.0 100.0 20.70289 0.0 100.0 0.12999 432.0 0.0 432.0 48.0 384.0 48.0 8
  -100.0 100.0 0.0 -100.0 50.0 0.0 -50.0 50.0 0.0 1152.0 48.0 1152.0 0.0 1200.0 0.0 24
  -150.0 0.0 0.0 -150.0 50.0 0.0 -200.0 50.0 0.0 1200.0 0.0 1200.0 48.0 1152.0 48.0 24
  150.0 100.0 92.18975 150.0 50.0 66.49008 200.0 50.0 56.82952 0.0 48.0 0.0 0.0 48.0 0.0 0
  -200.0 0.0 0.0 -200.0 50.0 0.0 -250.0 50.0 0.0 1200.0 0.0 1200.0 48.0 1152.0 48.0 24
  -50.0 50.0 0.0 -50.0 100.0 0.0 -100.0 100.0 0.0 1200.0 0.0 1200.0 48.0 1152.0 48.0 24
  0.0 150.0 20.17049 0.0 100.0 0.12999 50.0 100.0 20.70289 384.0 48.0 384.0 0.0 432.0 0.0 8
  -50.0 150.0 0.35299 -50.0 100.0 0.0 0.0 100.0 0.12999 1152.0 48.0 1152.0 0.0 1200.0 0.0 24
  -150.0 100.0 0.0 -150.0 50.0 0.0 -100.0 50.0 0.0 1152.0 48.0 1152.0 0.0 1200.0 0.0 24
  -200.0 100.0 0.0 -200.0 50.0 0.0 -150.0 50.0 0.0 1152.0 48.0 1152.0 0.0 1200.0 0.0 24
  -250.0 100.0 0.0 -250.0 50.0 0.0 -200.0 50.0 0.0 1152.0 48.0 1152.0 0.0 1200.0 0.0 24
  -100.0 50.0 0.0 -100.0 100.0 0.0 -150.0 100.0 0.0 1200.0 0.0 1200.0 48.0 1152.0 48.0 24
  100.0 100.0 90.38986 100.0 50.0 44.29122 150.0 50.0 66.49008 0.0 48.0 0.0 0.0 48.0 0.0 0
  200.0 100.0 69.83113 200.0 150.0 72.93399 150.0 150.0 85.63214 48.0 0.0 48.0 48.0 0.0 48.0 0
  -100.0 150.0 0.0 -100.0 100.0 0.0 -50.0 100.0 0.0 1152.0 48.0 1152.0 0.0 1200.0 0.0 24
  -150.0 50.0 0.0 -150.0 100.0 0.0 -200.0 100.0 0.0 1200.0 0.0 1200.0 48.0 1152.0 48.0 24
  0.0 100.0 0.12999 0.0 150.0 20.17049 -50.0 150.0 0.35299 432.0 0.0 432.0 48.0 384.0 48.0 8
  -50.0 100.0 0.0 -50.0 150.0 0.35299 -100.0 150.0 0.0 1200.0 0.0 1200.0 48.0 1152.0 48.0 24
  -200.0 50.0 0.0 -200.0 100.0 0.0 -250.0 100.0 0.0 1200.0 0.0 1200.0 48.0 1152.0 48.0 24
  200.0 150.0 72.93399 200.0 200.0 60.60543 150.0 200.0 84.51467 48.0 0.0 48.0 48.0 0.0 48.0 0
  -150.0 150.0 0.0 -150.0 100.0 0.0 -100.0 100.0 0.0 1152.0 48.0 1152.0 0.0 1200.0 0.0 24
  150.0 200.0 84.51467 150.0 250.0 30.24500 100.0 250.0 30.26180 48.0 0.0 48.0 48.0 0.0 48.0 0
  -50.0 200.0 0.17975 -50.0 150.0 0.35299 0.0 150.0 20.17049 384.0 48.0 384.0 0.0 432.0 0.0 8
  -200.0 150.0 0.0 -200.0 100.0 0.0 -150.0 100.0 0.0 1152.0 48.0 1152.0 0.0 1200.0 0.0 24
  -250.0 150.0 0.0 -250.0 100.0 0.0 -200.0 100.0 0.0 1152.0 48.0 1152.0 0.0 1200.0 0.0 24
  -100.0 100.0 0.0 -100.0 150.0 0.0 -150.0 150.0 0.0 1200.0 0.0 1200.0 48.0 1152.0 48.0 24
  50.0 150.0 41.20949 50.0 100.0 20.70289 100.0 100.0 90.38986 0.0 48.0 0.0 0.0 48.0 0.0 0
  50.0 100.0 20.70289 50.0 150.0 41.20949 0.0 150.0 20.17049 432.0 0.0 432.0 48.0 384.0 48.0 8
  -100.0 200.0 0.64999 -100.0 150.0 0.0 -50.0 150.0 0.35299 1152.0 48.0 1152.0 0.0 1200.0 0.0 24
  -50.0 150.0 0.35299 -50.0 200.0 0.17975 -100.0 200.0 0.64999 1200.0 0.0 1200.0 48.0 1152.0 48.0 24
  -150.0 100.0 0.0 -150.0 150.0 0.0 -200.0 150.0 0.0 1200.0 0.0 1200.0 48.0 1152.0 48.0 24
  150.0 150.0 85.63214 150.0 100.0 92.18975 200.0 100.0 69.83113 0.0 48.0 0.0 0.0 48.0 0.0 0
  100.0 50.0 44.29122 100.0 100.0 90.38986 50.0 100.0 20.70289 48.0 0.0 48.0 48.0 0.0 48.0 0
  150.0 250.0 30.24500 150.0 200.0 84.51467 200.0 200.0 60.60543 0.0 48.0 0.0 0.0 48.0 0.0 0
  -200.0 100.0 0.0 -200.0 150.0 0.0 -250.0 150.0 0.0 1200.0 0.0 1200.0 48.0 1152.0 48.0 24
  -150.0 200.0 0.0 -150.0 150.0 0.0 -100.0 150.0 0.0 1152.0 48.0 1152.0 0.0 1200.0 0.0 24
  150.0 50.0 66.49008 150.0 100.0 92.18975 100.0 100.0 90.38986 48.0 0.0 48.0 48.0 0.0 48.0 0
  -100.0 150.0 0.0 -100.0 200.0 0.64999 -150.0 200.0 0.0 1200.0 0.0 1200.0 48.0 1152.0 48.0 24
  -50.0 200.0 0.17975 -50.0 250.0 0.31700 -100.0 250.0 0.10000 1200.0 0.0 1200.0 48.0 1152.0 48.0 24
  -200.0 200.0 0.0 -200.0 150.0 0.0 -150.0 150.0 0.0 1152.0 48.0 1152.0 0.0 1200.0 0.0 24
  -250.0 200.0 0.0 -250.0 150.0 0.0 -200.0 150.0 0.0 1152.0 48.0 1152.0 0.0 1200.0 0.0 24
  -50.0 250.0 0.31700 -50.0 200.0 0.17975 0.0 200.0 34.77344 384.0 48.0 384.0 0.0 432.0 0.0 8
  -100.0 250.0 0.10000 -100.0 200.0 0.64999 -50.0 200.0 0.17975 1152.0 48.0 1152.0 0.0 1200.0 0.0 24
  0.0 200.0 34.77344 0.0 150.0 20.17049 50.0 150.0 41.20949 384.0 48.0 384.0 0.0 432.0 0.0 8
  150.0 200.0 84.51467 150.0 150.0 85.63214 200.0 150.0 72.93399 0.0 48.0 0.0 0.0 48.0 0.0 0
  -150.0 150.0 0.0 -150.0 200.0 0.0 -200.0 200.0 0.0 1200.0 0.0 1200.0 48.0 1152.0 48.0 24
  -200.0 150.0 0.0 -200.0 200.0 0.0 -250.0 200.0 0.0 1200.0 0.0 1200.0 48.0 1152.0 48.0 24
  100.0 200.0 84.82713 100.0 250.0 30.26180 50.0 250.0 30.11453 48.0 0.0 48.0 48.0 0.0 48.0 0
  0.0 150.0 20.17049 0.0 200.0 34.77344 -50.0 200.0 0.17975 432.0 0.0 432.0 48.0 384.0 48.0 8
  -150.0 250.0 0.0 -150.0 200.0 0.0 -100.0 200.0 0.64999 1152.0 48.0 1152.0 0.0 1200.0 0.0 24
  -100.0 200.0 0.64999 -100.0 250.0 0.10000 -150.0 250.0 0.0 1200.0 0.0 1200.0 48.0 1152.0 48.0 24
  -200.0 250.0 0.0 -200.0 200.0 0.0 -150.0 200.0 0.0 1152.0 48.0 1152.0 0.0 1200.0 0.0 24
  -250.0 250.0 0.0 -250.0 200.0 0.0 -200.0 200.0 0.0 1152.0 48.0 1152.0 0.0 1200.0 0.0 24
  -150.0 200.0 0.0 -150.0 250.0 0.0 -200.0 250.0 0.0 1200.0 0.0 1200.0 48.0 1152.0 48.0 24
  -200.0 200.0 0.0 -200.0 250.0 0.0 -250.0 250.0 0.0 1200.0 0.0 1200.0 48.0 1152.0 48.0 24
  0.0 200.0 34.77344 0.0 250.0 30.60420 -50.0 250.0 0.31700 432.0 0.0 432.0 48.0 384.0 48.0 8
  150.0 100.0 92.18975 150.0 150.0 85.63214 100.0 150.0 92.39450 48.0 0.0 48.0 48.0 0.0 48.0 0
  50.0 200.0 76.26215 50.0 250.0 30.11453 0.0 250.0 30.60420 48.0 0.0 48.0 48.0 0.0 48.0 0
  150.0 150.0 85.63214 150.0 200.0 84.51467 100.0 200.0 84.82713 48.0 0.0 48.0 48.0 0.0 48.0 0
  100.0 250.0 30.26180 100.0 200.0 84.82713 150.0 200.0 84.51467 0.0 48.0 0.0 0.0 48.0 0.0 0
  100.0 150.0 92.39450 100.0 100.0 90.38986 150.0 100.0 92.18975 0.0 48.0 0.0 0.0 48.0 0.0 0
  50.0 200.0 76.26215 50.0 150.0 41.20949 100.0 150.0 92.39450 0.0 48.0 0.0 0.0 48.0 0.0 0
  100.0 100.0 90.38986 100.0 150.0 92.39450 50.0 150.0 41.20949 48.0 0.0 48.0 48.0 0.0 48.0 0
  0.0 250.0 30.60420 0.0 200.0 34.77344 50.0 200.0 76.26215 0.0 48.0 0.0 0.0 48.0 0.0 0
  50.0 150.0 41.20949 50.0 200.0 76.26215 0.0 200.0 34.77344 48.0 0.0 48.0 48.0 0.0 48.0 0
  100.0 200.0 84.82713 100.0 150.0 92.39450 150.0 150.0 85.63214 0.0 48.0 0.0 0.0 48.0 0.0 0
  50.0 250.0 30.11453 50.0 200.0 76.26215 100.0 200.0 84.82713 0.0 48.0 0.0 0.0 48.0 0.0 0
  100.0 150.0 92.39450 100.0 200.0 84.82713 50.0 200.0 76.26215 48.0 0.0 48.0 48.0 0.0 48.0 0
